-1.00000000000000000e+01 5.37616418493112452e-02
-9.00000000000000000e+00 4.78463525579828144e-02
-8.00000000000000000e+00 5.59625447535114298e-02
-7.00000000000000000e+00 5.24902070509233321e-02
-6.00000000000000000e+00 5.17649712416826460e-02
-5.00000000000000000e+00 4.76514635806671236e-02
-4.00000000000000000e+00 5.41059527843668828e-02
-3.00000000000000000e+00 5.09068308944008105e-02
-2.00000000000000000e+00 5.45304777594728188e-02
-1.00000000000000000e+00 5.32409855133763321e-02
0.00000000000000000e+00 2.14887132599824379e-02
1.00000000000000000e+00 7.91222702816752775e-04
2.00000000000000000e+00 1.01762090943173901e-03
3.00000000000000000e+00 1.04777870913663035e-03
4.00000000000000000e+00 8.92763365192731826e-04
5.00000000000000000e+00 5.77094591049787564e-04
6.00000000000000000e+00 8.90425309029960177e-04
7.00000000000000000e+00 1.00337980566117448e-03
8.00000000000000000e+00 9.53743443013829240e-04
9.00000000000000000e+00 7.91598501240171025e-04
-2.00000000000000000e+00 5.29882932840418999e-02
-1.89999999999999991e+00 4.96200268216361179e-02
-1.79999999999999982e+00 5.29786394634503763e-02
-1.69999999999999973e+00 5.25761772853185622e-02
-1.59999999999999964e+00 5.19163569804204361e-02
-1.49999999999999956e+00 5.13144868551314512e-02
-1.39999999999999947e+00 5.35258672167634730e-02
-1.29999999999999938e+00 5.27630007599609180e-02
-1.19999999999999929e+00 5.67252099923639119e-02
-1.09999999999999920e+00 5.27537796976241882e-02
-9.99999999999999223e-01 5.53618368113298620e-02
-8.99999999999999245e-01 5.14237591452181703e-02
-7.99999999999999267e-01 4.97873010871277763e-02
-6.99999999999999289e-01 4.75816171461510215e-02
-5.99999999999999312e-01 4.59985430325736272e-02
-4.99999999999999334e-01 4.76215395886754947e-02
-3.99999999999999356e-01 3.66175329712955799e-02
-2.99999999999999378e-01 3.63922444421886093e-02
-1.99999999999999373e-01 3.09723016161721140e-02
-9.99999999999993672e-02 2.64761612126798787e-02
6.38378239159465011e-16 2.24509854637628681e-02
1.00000000000000644e-01 1.46811439057959927e-02
2.00000000000000649e-01 6.25098492409518341e-03
3.00000000000000655e-01 4.76814252030390365e-03
4.00000000000000688e-01 3.36665458123996475e-03
5.00000000000000666e-01 1.39537379917350937e-03
6.00000000000000644e-01 1.55191143758729496e-03
7.00000000000000622e-01 1.33120340788072419e-03
8.00000000000000600e-01 1.12077707210332493e-03
9.00000000000000577e-01 9.35599563386870425e-04
1.00000000000000067e+00 8.43659372528341692e-04
1.10000000000000075e+00 8.39058157218522220e-04
1.20000000000000084e+00 5.85791884119714508e-04
1.30000000000000093e+00 9.95389773679798782e-04
1.40000000000000102e+00 5.32765050612679777e-04
1.50000000000000111e+00 4.22743606002959186e-04
1.60000000000000120e+00 9.42556422474734226e-04
1.70000000000000129e+00 1.37879832422972909e-03
1.80000000000000138e+00 9.56734346763048822e-04
1.90000000000000147e+00 1.05797714769360982e-03
