-1.00000000000000000e+01 7.88497217068645645e-02
-9.00000000000000000e+00 9.11602209944751413e-02
-8.00000000000000000e+00 1.52230971128608922e-01
-7.00000000000000000e+00 8.84685784014643123e-02
-6.00000000000000000e+00 8.75410815655811164e-02
-5.00000000000000000e+00 1.09429202144433926e-01
-4.00000000000000000e+00 1.72125883108542072e-01
-3.00000000000000000e+00 7.68318006526253344e-02
-2.00000000000000000e+00 1.34036611852311499e-01
-1.00000000000000000e+00 1.15887850467289721e-01
0.00000000000000000e+00 1.16033755274261602e-01
1.00000000000000000e+00 6.83994528043775640e-03
2.00000000000000000e+00 1.02424035506998973e-03
3.00000000000000000e+00 1.75870559268378481e-03
4.00000000000000000e+00 1.01557210561949900e-03
5.00000000000000000e+00 1.01712154602474989e-03
6.00000000000000000e+00 6.85871056241426562e-04
7.00000000000000000e+00 1.03860135018175523e-03
8.00000000000000000e+00 1.51413189771197848e-03
9.00000000000000000e+00 1.21422376409366871e-03
-1.00000000000000000e+00 6.33174791914387636e-02
-9.25000000000000044e-01 7.62862211709047916e-02
-8.50000000000000089e-01 1.33495145631067957e-01
-7.75000000000000133e-01 7.67123287671232917e-02
-7.00000000000000178e-01 1.03313840155945413e-01
-6.25000000000000222e-01 1.53462050599201066e-01
-5.50000000000000266e-01 8.73161764705882304e-02
-4.75000000000000255e-01 1.04044548651817115e-01
-4.00000000000000244e-01 1.44270667092243843e-01
-3.25000000000000233e-01 7.22495894909687963e-02
-2.50000000000000222e-01 1.03720050441361913e-01
-1.75000000000000211e-01 7.08215297450424941e-02
-1.00000000000000214e-01 6.91751085383502107e-02
-2.50000000000002165e-02 8.31017231795441874e-02
4.99999999999997807e-02 5.48011639185256999e-02
1.24999999999999778e-01 5.49397590361445781e-02
1.99999999999999789e-01 5.65307176045431112e-02
2.74999999999999800e-01 6.47214854111405891e-02
3.49999999999999811e-01 2.43758600353843127e-02
4.24999999999999822e-01 2.61578044596912536e-02
4.99999999999999833e-01 3.04267919134163789e-02
5.74999999999999845e-01 2.32826630748508741e-02
6.49999999999999800e-01 6.85283536063046109e-03
7.24999999999999756e-01 1.64616497829233009e-02
7.99999999999999711e-01 6.01102020370679595e-03
8.74999999999999667e-01 5.13962652047284582e-03
9.49999999999999623e-01 1.35626860734369831e-02
1.02499999999999969e+00 1.29781420765027328e-02
1.09999999999999964e+00 9.46480812252624253e-03
1.17499999999999960e+00 2.85341290563222681e-02
1.24999999999999956e+00 1.92898600204848072e-02
1.32499999999999951e+00 1.04329681794470535e-02
1.39999999999999947e+00 6.45380434782608699e-03
1.47499999999999942e+00 1.00000000000000002e-02
1.54999999999999938e+00 6.53594771241830020e-04
1.62499999999999933e+00 8.64453665283540767e-04
1.69999999999999929e+00 8.44737286703835071e-04
1.77499999999999925e+00 1.00976102322450356e-03
1.84999999999999920e+00 6.77851211659040811e-04
1.92499999999999916e+00 8.36820083682008318e-04
1.99999999999999911e+00 1.21506682867557705e-03
