1862631
1684324
1434269
1419746
1418121
1416897
1391042
1390932
1390931
1390930
1390929
1382555
1352824
1352823
1348153
1337655
1337654
1337653
1337652
1337651
1337650
1337649
1337648
1337647
1337646
1337645
1337644
1337563
1337562
1337561
1337560
1337559
1337558
1337557
1337556
1337555
1337554
1337553
1337552
1337549
1337544
1337543
1337542
1337541
1337540
1337539
1337538
1337537
1337536
1337535
1337534
1337533
1337532
1337531
1337530
1337529
1337528
1337527
1337526
1337525
1337524
1337523
1337522
1337521
1337520
1337519
1337518
1337517
1337516
1337515
1337514
1337513
1337512
1337511
1337510
1337509
1337508
1337507
1337506
1337505
1337504
1337503
1337502
1337501
1337500
1337499
1337498
1337497
1337496
1337495
1337494
1337493
1337492
1337491
1337490
1337489
1337488
1337487
1337486
1337485
1337484
1337483
1337482
1337481
1337480
1337479
1337478
1337477
1337476
1337475
1337474
1337473
1337472
1337471
1337470
1337469
1337468
1337467
1337466
1337465
1337464
1337463
1337462
1337461
1337460
1337459
1337458
1337457
1337456
1337455
1337454
1337453
1337452
1337451
1337450
1337449
1337448
1337447
1337446
1337445
1337444
1337443
1337442
1337441
1337440
1337439
1337438
1337437
1337436
1331972
1330326
1296266
1294388
1294387
1294386
1294385
1294384
1294383
1294382
1294381
1294380
1294379
1294378
1294377
1294376
1294375
1294374
1294373
1294372
1294371
1294370
1294369
1294368
1294367
1294366
1294365
1294364
1294363
1294362
1294361
1294360
1294359
1294358
1294357
1294356
1294355
1294354
1294353
1294352
1294351
1294350
1294349
1294348
1294347
1294346
1294345
1294344
1294343
1294342
1294341
1294340
1294339
1294338
1294337
1294336
1294335
1294334
1294333
1294332
1294331
1294330
1294329
1294328
1294327
1294326
1294325
1294324
1294323
1294322
1294321
1294320
1294319
1294318
1294317
1294316
1294315
1294314
1294313
1294312
1294311
1294310
1294309
1294308
1294307
1294306
1294305
1294304
1294303
1293430
1292971
1290389
1266529
1247190
1234807
1227742
1220494
1218710
1216859
1216345
1204498
1201112
1196866
1182968
1182967
1182966
1177187
1162674
1162673
1162672
1162671
1158205
1158204
1149757
1144731
1138861
1097555
1095001
1087981
947046
947045
947044
947043
947042
947041
947040
947039
947038
947037
947036
947035
929629
929587
929586
929585
927258
927257
927256
889517
765312
764102
764101
764100
764099
764098
764097
721032
717647
658763
643680
614665
614664
580240
580239
574961
559292
545124
538976
538975
502869
471861
471859
471510
468558
466209
464025
462210
462209
307796
285006
41870
4932
