4932
41870
285006
307796
462209
462210
464025
466209
468558
471510
471859
471861
502869
538975
538976
545124
559292
574961
580239
580240
614664
614665
643680
658763
717647
721032
764097
764098
764099
764100
764101
764102
765312
889517
927256
927257
927258
929585
929586
929587
929629
947035
947036
947037
947038
947039
947040
947041
947042
947043
947044
947045
947046
1087981
1095001
1097555
1138861
1144731
1149757
1158204
1158205
1162671
1162672
1162673
1162674
1177187
1182966
1182967
1182968
1196866
1201112
1204498
1216345
1216859
1218710
1220494
1227742
1234807
1247190
1266529
1290389
1292971
1293430
1294303
1294304
1294305
1294306
1294307
1294308
1294309
1294310
1294311
1294312
1294313
1294314
1294315
1294316
1294317
1294318
1294319
1294320
1294321
1294322
1294323
1294324
1294325
1294326
1294327
1294328
1294329
1294330
1294331
1294332
1294333
1294334
1294335
1294336
1294337
1294338
1294339
1294340
1294341
1294342
1294343
1294344
1294345
1294346
1294347
1294348
1294349
1294350
1294351
1294352
1294353
1294354
1294355
1294356
1294357
1294358
1294359
1294360
1294361
1294362
1294363
1294364
1294365
1294366
1294367
1294368
1294369
1294370
1294371
1294372
1294373
1294374
1294375
1294376
1294377
1294378
1294379
1294380
1294381
1294382
1294383
1294384
1294385
1294386
1294387
1294388
1296266
1330326
1331972
1337436
1337437
1337438
1337439
1337440
1337441
1337442
1337443
1337444
1337445
1337446
1337447
1337448
1337449
1337450
1337451
1337452
1337453
1337454
1337455
1337456
1337457
1337458
1337459
1337460
1337461
1337462
1337463
1337464
1337465
1337466
1337467
1337468
1337469
1337470
1337471
1337472
1337473
1337474
1337475
1337476
1337477
1337478
1337479
1337480
1337481
1337482
1337483
1337484
1337485
1337486
1337487
1337488
1337489
1337490
1337491
1337492
1337493
1337494
1337495
1337496
1337497
1337498
1337499
1337500
1337501
1337502
1337503
1337504
1337505
1337506
1337507
1337508
1337509
1337510
1337511
1337512
1337513
1337514
1337515
1337516
1337517
1337518
1337519
1337520
1337521
1337522
1337523
1337524
1337525
1337526
1337527
1337528
1337529
1337530
1337531
1337532
1337533
1337534
1337535
1337536
1337537
1337538
1337539
1337540
1337541
1337542
1337543
1337544
1337549
1337552
1337553
1337554
1337555
1337556
1337557
1337558
1337559
1337560
1337561
1337562
1337563
1337644
1337645
1337646
1337647
1337648
1337649
1337650
1337651
1337652
1337653
1337654
1337655
1348153
1352823
1352824
1382555
1390929
1390930
1390931
1390932
1391042
1416897
1418121
1419746
1434269
1684324
1862631
