90
0 0 0 0 0 
1 1 1 2 2 
3 3 4 4 5 
6 6 7 7 7 
8 9 9 9 10 
11 12 12 12 12 
13 14 14 15 15 
16 17 18 18 19 
20 21 21 21 21 
22 23 23 24 24 
25 26 26 26 26 
27 27 27 27 28 
29 29 30 30 31 
32 32 33 34 35 
36 36 37 37 38 
39 39 40 41 41 
42 42 43 44 44 
45 46 46 47 48 
49 50 50 51 52 
53 54 54 54 53 
55 56 56 57 58 
59 60 61 61 62 
63 64 64 64 65 
66 66 66 67 67 
68 68 68 69 69 
70 70 70 70 71 
72 72 72 72 72 
73 74 74 75 75 
76 76 77 77 78 
79 80 80 81 81 
82 83 83 84 84 
85 85 85 85 86 
87 87 88 88 88 
89 89 89 89 89 
