1004
1004
2 0 10 
1 1 
1 2 
4 3 11 12 118 
1 4 
1 5 
1 6 
1 7 
2 8 36 
1 9 
4 13 18 31 84 
4 3 8 11 36 
4 3 11 12 118 
4 13 18 31 84 
1 14 
1 15 
2 125 654 
2 125 654 
6 87 107 138 257 366 518 
1 19 
1 20 
1 21 
1 22 
1 23 
1 24 
1 459 
2 16 26 
1 27 
1 28 
6 29 30 35 54 66 68 
6 29 30 35 54 66 68 
4 13 18 31 84 
2 32 258 
1 33 
1 34 
6 29 30 35 54 66 68 
4 3 8 11 36 
1 37 
9 55 69 70 130 131 142 198 225 254 
1 39 
3 40 41 120 
3 40 41 120 
1 42 
1 43 
1 44 
1 45 
1 46 
1 47 
1 48 
1 49 
1 50 
1 51 
2 52 71 
1 53 
6 29 30 35 54 66 68 
9 55 69 70 130 131 142 198 225 254 
6 56 57 73 200 310 311 
6 56 57 73 200 310 311 
9 58 103 126 149 217 230 260 261 276 
1 59 
1 60 
1 61 
1 62 
1 63 
2 16 26 
3 65 86 214 
6 29 30 35 54 66 68 
1 67 
8 29 30 35 54 66 74 100 133 
9 55 69 70 130 131 142 198 225 254 
9 55 69 70 130 131 142 198 225 254 
2 52 71 
1 72 
6 56 57 73 200 310 311 
8 29 30 35 54 66 74 100 133 
1 75 
2 76 145 
1 77 
1 78 
1 79 
1 80 
1 81 
1 82 
1 83 
4 13 18 31 84 
1 85 
3 65 86 214 
7 64 87 107 138 366 387 518 
1 88 
1 89 
1 90 
1 91 
1 92 
1 93 
1 204 
1 95 
1 96 
1 97 
1 98 
1 99 
8 29 30 35 54 66 74 100 133 
9 58 103 126 149 217 230 260 261 276 
1 102 
4 58 103 230 276 
1 104 
1 105 
1 106 
7 64 87 107 138 366 387 518 
3 108 242 282 
2 109 331 
1 110 
1 111 
1 112 
3 113 253 412 
1 114 
1 115 
3 116 117 160 
3 116 117 160 
4 3 11 12 118 
1 119 
3 40 41 120 
1 121 
5 122 179 207 249 309 
1 123 
1 124 
1 17 
9 58 103 126 149 217 230 260 261 276 
1 128 
1 127 
1 161 
9 55 69 70 130 131 142 198 225 254 
9 55 69 70 130 131 142 198 225 254 
1 132 
8 29 30 35 54 66 74 100 133 
1 134 
1 135 
5 136 156 185 209 210 
2 137 201 
7 64 87 107 138 366 387 518 
1 139 
1 140 
1 141 
3 70 142 198 
1 143 
1 144 
2 76 145 
4 146 147 187 194 
4 146 147 187 194 
1 148 
9 58 103 126 149 217 230 260 261 276 
3 150 151 186 
3 150 151 186 
1 274 
1 312 
1 154 
1 155 
5 136 156 185 209 210 
1 157 
1 158 
1 159 
3 116 117 160 
1 129 
1 162 
2 163 208 
1 164 
1 165 
1 166 
1 167 
1 168 
1 169 
1 170 
1 189 
1 172 
2 173 174 
2 173 174 
1 175 
2 176 177 
2 176 177 
1 178 
5 122 179 207 249 309 
4 180 181 193 213 
4 180 181 193 213 
1 426 
1 183 
2 184 241 
5 136 156 185 209 210 
3 150 151 186 
1 954 
3 188 235 301 
1 171 
1 190 
1 191 
1 192 
4 180 181 193 213 
4 146 147 187 194 
1 195 
1 196 
1 197 
9 55 69 70 130 131 142 198 225 254 
1 199 
1 368 
2 137 201 
1 202 
1 203 
1 94 
1 205 
3 206 457 521 
5 122 179 207 249 309 
2 163 208 
5 136 156 185 209 210 
5 136 156 185 209 210 
1 211 
4 212 294 376 572 
4 180 181 193 213 
3 65 86 214 
1 215 
1 216 
9 58 103 126 149 217 230 260 261 276 
1 218 
1 219 
1 220 
1 221 
3 222 223 270 
3 222 223 270 
5 224 237 252 346 352 
4 224 237 252 346 
1 226 
2 227 256 
1 228 
1 229 
1 101 
1 231 
1 232 
1 233 
1 234 
3 188 235 301 
4 146 147 187 194 
5 224 237 252 346 352 
1 238 
1 239 
6 122 179 207 240 249 309 
2 184 241 
2 109 331 
1 243 
1 244 
1 245 
1 360 
1 247 
1 248 
5 122 179 207 249 309 
4 250 330 345 547 
3 425 489 603 
5 224 237 252 346 352 
3 113 253 412 
9 55 69 70 130 131 142 198 225 254 
1 255 
2 227 256 
6 87 107 138 257 366 518 
2 32 258 
1 259 
9 58 103 126 149 217 230 260 261 276 
9 58 103 126 149 217 230 260 261 276 
1 262 
1 263 
1 264 
1 265 
2 266 446 
1 305 
1 268 
2 269 392 
2 0 10 
1 271 
1 272 
1 273 
1 152 
1 275 
4 58 103 230 276 
1 277 
1 278 
1 279 
3 280 281 741 
3 280 281 741 
3 108 242 282 
3 283 332 483 
1 284 
1 285 
1 286 
1 287 
2 288 688 
1 289 
1 291 
1 340 
3 292 302 799 
1 293 
4 212 294 376 572 
1 295 
1 296 
2 297 689 
1 298 
2 267 299 
1 300 
3 188 235 301 
3 292 302 799 
1 303 
1 38 
2 267 299 
1 306 
1 307 
2 308 494 
6 122 179 207 240 249 309 
6 56 57 73 200 310 311 
6 56 57 73 200 310 311 
1 153 
2 313 314 
2 313 314 
1 315 
1 316 
1 317 
1 318 
1 319 
2 320 329 
2 321 413 
5 322 323 438 456 534 
5 322 323 438 456 534 
1 864 
3 325 342 367 
1 339 
1 327 
1 328 
3 425 489 603 
2 321 413 
3 283 332 483 
3 425 489 603 
1 333 
2 320 329 
1 335 
2 336 385 
2 337 357 
1 338 
1 326 
6 56 57 73 200 310 311 
2 182 557 
3 325 342 367 
1 343 
1 344 
4 250 330 345 547 
5 224 237 252 346 352 
1 347 
1 348 
1 349 
1 350 
1 351 
3 222 223 270 
1 353 
1 354 
2 355 738 
1 356 
2 337 357 
1 358 
1 359 
1 246 
1 361 
1 362 
1 334 
1 364 
1 566 
5 87 107 138 366 518 
3 325 342 367 
1 236 
1 369 
1 370 
1 371 
1 372 
1 373 
1 374 
2 375 402 
4 212 294 376 572 
2 377 378 
2 377 378 
6 379 380 390 408 411 671 
6 379 380 390 408 411 671 
1 381 
1 382 
1 383 
1 384 
2 336 385 
1 430 
1 873 
1 388 
1 389 
6 379 380 390 408 411 671 
1 391 
2 269 392 
2 393 552 
1 394 
1 395 
1 396 
1 397 
2 398 700 
2 399 466 
1 400 
1 562 
2 375 402 
1 403 
1 404 
1 405 
1 406 
1 407 
6 379 380 390 408 411 671 
1 409 
6 212 294 376 572 853 854 
6 379 380 390 408 411 671 
3 113 253 412 
1 622 
1 414 
2 415 627 
1 416 
1 510 
1 418 
1 419 
1 420 
1 251 
1 422 
1 423 
1 424 
1 643 
6 87 107 138 366 429 518 
1 427 
1 428 
6 87 107 138 366 429 518 
1 386 
1 431 
9 432 433 570 573 574 630 684 749 836 
9 432 433 570 573 574 630 684 749 836 
1 434 
1 435 
1 436 
1 437 
5 322 323 438 456 534 
1 439 
1 440 
1 441 
1 442 
1 443 
1 444 
1 445 
2 266 446 
1 447 
1 448 
1 449 
1 450 
1 451 
1 452 
1 453 
1 454 
1 455 
5 322 323 438 456 534 
3 206 457 521 
1 458 
1 531 
1 460 
1 461 
1 462 
1 463 
1 464 
1 465 
2 399 466 
1 467 
1 468 
1 469 
1 470 
1 471 
1 794 
4 585 586 621 625 
1 474 
1 475 
1 476 
1 477 
1 478 
1 479 
1 936 
1 481 
1 482 
3 283 332 483 
1 484 
1 485 
1 486 
1 487 
1 721 
1 421 
1 490 
1 491 
1 492 
1 417 
2 308 494 
1 495 
2 496 515 
1 497 
1 498 
1 499 
1 500 
1 501 
1 502 
1 503 
1 846 
1 505 
1 506 
1 507 
1 25 
1 509 
1 493 
2 511 744 
1 512 
1 513 
1 514 
1 840 
1 516 
1 517 
7 64 87 107 138 366 387 518 
1 519 
1 520 
3 206 457 521 
1 522 
1 523 
1 524 
1 525 
1 526 
1 527 
1 528 
1 529 
1 530 
1 508 
1 532 
2 393 533 
5 322 323 438 456 534 
1 535 
1 536 
1 537 
1 538 
1 539 
1 540 
1 541 
1 542 
1 543 
1 544 
1 545 
1 546 
2 616 659 
1 548 
1 642 
2 304 550 
1 551 
2 533 552 
1 553 
1 554 
1 555 
1 556 
2 182 557 
1 558 
1 559 
1 560 
1 682 
1 401 
1 563 
1 564 
1 565 
1 365 
1 567 
1 568 
1 569 
9 432 433 570 573 574 630 684 749 836 
1 571 
6 212 294 376 572 853 854 
9 432 433 570 573 574 630 684 749 836 
9 432 433 570 573 574 630 684 749 836 
1 575 
1 576 
1 577 
1 578 
1 579 
1 580 
1 581 
1 582 
1 583 
1 584 
4 585 586 621 625 
4 585 586 621 625 
1 561 
1 588 
1 589 
1 590 
2 504 591 
1 592 
1 593 
1 594 
1 595 
1 596 
2 597 598 
2 597 598 
1 599 
1 600 
1 601 
1 602 
1 549 
2 604 934 
1 605 
1 606 
1 607 
1 608 
1 609 
1 290 
1 611 
1 612 
2 613 938 
2 614 775 
1 615 
5 250 330 345 616 659 
1 617 
1 618 
1 619 
1 620 
9 432 433 570 573 574 630 684 749 836 
3 250 330 345 
1 623 
1 624 
4 585 586 621 625 
1 626 
2 415 627 
1 628 
1 629 
9 432 433 570 573 574 630 684 749 836 
1 631 
1 632 
1 633 
1 634 
1 635 
1 636 
1 637 
1 638 
1 639 
1 640 
1 641 
1 716 
2 304 550 
1 644 
1 645 
1 646 
1 647 
1 648 
1 649 
1 650 
1 651 
1 652 
1 653 
1 363 
1 655 
1 656 
1 657 
1 658 
5 250 330 345 616 659 
1 660 
1 661 
1 662 
1 663 
1 755 
1 665 
1 666 
1 667 
1 668 
1 472 
1 866 
6 379 380 390 408 411 671 
1 672 
1 673 
1 674 
1 675 
1 676 
1 677 
1 678 
1 679 
1 680 
1 681 
1 587 
2 496 515 
9 432 433 570 573 574 630 684 749 836 
1 685 
1 686 
1 891 
2 288 688 
2 297 689 
1 690 
1 691 
1 692 
1 746 
1 694 
1 695 
1 696 
1 697 
1 810 
1 699 
2 398 700 
1 664 
2 801 971 
1 886 
1 704 
1 705 
1 706 
2 707 931 
2 708 709 
2 708 709 
1 710 
1 711 
1 480 
1 962 
2 714 953 
1 715 
1 813 
1 717 
1 718 
1 719 
1 720 
2 324 488 
1 760 
1 723 
1 724 
1 725 
1 726 
1 727 
1 728 
1 729 
1 730 
1 731 
1 861 
1 733 
1 734 
1 735 
1 736 
1 737 
2 355 738 
1 767 
1 740 
1 835 
1 742 
1 743 
2 511 744 
1 745 
1 670 
1 747 
1 748 
1 693 
1 888 
1 751 
1 752 
1 753 
1 754 
1 910 
1 756 
1 757 
1 758 
1 759 
1 722 
1 761 
1 762 
1 763 
1 764 
1 765 
2 766 952 
1 739 
1 768 
1 769 
1 770 
1 771 
2 772 773 
2 772 773 
1 774 
2 614 775 
1 776 
1 777 
1 778 
1 779 
4 780 781 829 969 
4 780 781 829 969 
1 782 
1 783 
1 784 
1 785 
1 786 
1 787 
1 788 
1 789 
1 790 
1 791 
1 792 
1 793 
1 842 
2 280 281 
1 796 
1 797 
1 798 
3 292 302 799 
1 800 
2 986 987 
1 610 
1 803 
1 804 
1 805 
1 806 
1 807 
1 808 
1 809 
1 698 
1 811 
1 882 
1 732 
1 814 
1 703 
1 816 
1 817 
4 818 843 933 993 
1 819 
1 820 
1 821 
1 822 
1 823 
2 824 919 
1 825 
1 826 
1 827 
1 828 
4 780 781 829 969 
1 830 
1 831 
1 832 
1 833 
3 834 898 942 
1 980 
9 432 433 570 573 574 630 684 749 836 
1 837 
1 838 
1 839 
1 713 
1 841 
1 701 
4 818 843 933 993 
1 844 
1 945 
1 712 
1 847 
1 848 
1 849 
1 889 
3 851 908 955 
1 852 
2 853 854 
1 341 
1 855 
1 856 
1 857 
1 812 
1 859 
1 860 
1 850 
1 862 
1 863 
1 683 
1 865 
1 815 
1 867 
1 868 
1 869 
1 870 
1 961 
1 872 
1 911 
2 874 906 
1 875 
1 876 
1 871 
1 878 
1 879 
1 802 
1 881 
1 983 
1 988 
1 884 
1 885 
1 750 
1 887 
1 967 
1 669 
1 890 
1 687 
1 892 
1 893 
1 894 
2 895 979 
1 896 
1 897 
3 834 898 942 
1 899 
1 900 
1 901 
1 902 
1 903 
1 904 
1 905 
2 874 906 
1 907 
3 851 908 955 
1 909 
1 410 
1 880 
1 912 
1 913 
1 914 
1 915 
1 916 
1 917 
2 801 971 
2 824 919 
1 920 
1 921 
1 922 
1 923 
1 883 
1 925 
1 926 
1 927 
1 795 
1 989 
2 930 970 
2 707 931 
1 932 
4 818 843 933 993 
2 604 934 
1 935 
1 977 
1 937 
2 613 938 
1 939 
1 940 
1 941 
3 834 898 942 
1 943 
1 944 
2 946 981 
2 946 981 
1 947 
1 948 
1 949 
1 950 
1 951 
2 766 952 
2 714 953 
1 963 
3 851 908 955 
1 956 
1 957 
3 958 992 999 
1 959 
1 960 
1 991 
1 1003 
1 877 
1 964 
1 965 
1 966 
3 958 992 999 
1 968 
4 780 781 829 969 
2 930 970 
2 986 987 
1 972 
1 973 
1 974 
1 975 
2 976 984 
2 504 591 
1 978 
2 895 979 
2 324 488 
1 845 
1 982 
1 473 
1 994 
1 985 
1 702 
1 858 
1 924 
2 976 984 
1 990 
1 929 
5 108 242 282 992 999 
4 818 843 933 993 
1 918 
1 995 
1 996 
1 997 
1 998 
5 108 242 282 992 999 
1 1000 
1 1001 
1 1002 
1 928 
