10
1
2
12
4
5
6
7
36
9
13
8
118
18
14
15
654
125
107
19
20
21
22
23
24
459
16
27
28
68
30
31
32
33
34
35
11
37
225
39
120
40
42
43
44
45
46
47
48
49
50
51
52
53
54
198
311
57
276
59
60
61
62
63
26
214
66
67
74
142
131
71
72
73
100
75
76
77
78
79
80
81
82
83
84
85
65
518
88
89
90
91
92
93
204
95
96
97
98
99
133
149
102
230
104
105
106
387
282
331
110
111
112
113
114
115
116
117
3
119
41
121
309
123
124
17
217
128
127
161
254
130
132
29
134
135
136
137
138
139
140
141
70
143
144
145
187
147
148
260
150
151
274
312
154
155
156
157
158
159
160
129
162
163
164
165
166
167
168
169
170
189
172
173
174
175
176
177
178
179
180
181
426
183
184
185
186
954
188
171
190
191
192
193
194
195
196
197
69
199
368
201
202
203
94
205
521
207
208
209
210
211
572
213
86
215
216
261
218
219
220
221
270
223
352
224
226
227
228
229
101
231
232
233
234
235
146
237
238
239
240
241
109
243
244
245
360
247
248
249
345
603
252
253
55
255
256
257
258
259
126
58
262
263
264
265
446
305
268
392
0
271
272
273
152
275
103
277
278
279
741
281
242
332
284
285
286
287
288
289
291
340
292
293
212
295
296
297
298
299
300
301
302
303
38
267
306
307
494
122
200
310
153
313
314
315
316
317
318
319
329
413
438
456
864
325
339
327
328
489
321
483
425
333
320
335
336
337
338
326
56
182
342
343
344
547
346
347
348
349
350
351
222
353
354
738
356
357
358
359
246
361
362
334
364
566
366
367
236
369
370
371
372
373
374
402
376
377
378
408
411
381
382
383
384
385
430
873
388
389
671
391
269
393
394
395
396
397
398
399
400
562
375
403
404
405
406
407
390
409
854
380
412
622
414
415
416
510
418
419
420
251
422
423
424
643
87
427
428
429
386
431
836
433
434
435
436
437
534
439
440
441
442
443
444
445
266
447
448
449
450
451
452
453
454
455
323
457
458
531
460
461
462
463
464
465
466
467
468
469
470
471
794
621
474
475
476
477
478
479
936
481
482
283
484
485
486
487
721
421
490
491
492
417
308
495
515
497
498
499
500
501
502
503
846
505
506
507
25
509
493
511
512
513
514
840
516
517
64
519
520
206
522
523
524
525
526
527
528
529
530
508
532
533
322
535
536
537
538
539
540
541
542
543
544
545
546
659
548
642
304
551
552
553
554
555
556
557
558
559
560
682
401
563
564
565
365
567
568
569
570
571
294
573
574
575
576
577
578
579
580
581
582
583
584
585
586
561
588
589
590
591
592
593
594
595
596
598
597
599
600
601
602
549
604
605
606
607
608
609
290
611
612
613
614
615
616
617
618
619
620
432
330
623
624
625
626
627
628
629
630
631
632
633
634
635
636
637
638
639
640
641
716
550
644
645
646
647
648
649
650
651
652
653
363
655
656
657
658
250
660
661
662
663
755
665
666
667
668
472
866
379
672
673
674
675
676
677
678
679
680
681
587
496
684
685
686
891
688
689
690
691
692
746
694
695
696
697
810
699
700
664
971
886
704
705
706
707
709
708
710
711
480
962
953
715
813
717
718
719
720
488
760
723
724
725
726
727
728
729
730
731
861
733
734
735
736
737
355
767
740
835
742
743
744
745
670
747
748
693
888
751
752
753
754
910
756
757
758
759
722
761
762
763
764
765
766
739
768
769
770
771
773
772
774
775
776
777
778
779
969
781
782
783
784
785
786
787
788
789
790
791
792
793
842
280
796
797
798
799
800
987
610
803
804
805
806
807
808
809
698
811
882
732
814
703
816
817
933
819
820
821
822
823
824
825
826
827
828
829
830
831
832
833
834
980
749
837
838
839
713
841
701
843
844
945
712
847
848
849
889
851
852
853
341
855
856
857
812
859
860
850
862
863
683
865
815
867
868
869
870
961
872
911
874
875
876
871
878
879
802
881
983
988
884
885
750
887
967
669
890
687
892
893
894
895
896
897
898
899
900
901
902
903
904
905
906
907
908
909
410
880
912
913
914
915
916
917
801
919
920
921
922
923
883
925
926
927
795
989
930
931
932
993
934
935
977
937
938
939
940
941
942
943
944
946
981
947
948
949
950
951
952
714
963
955
956
957
958
959
960
991
1003
877
964
965
966
999
968
780
970
986
972
973
974
975
984
504
978
979
324
845
982
473
994
985
702
858
924
976
990
929
992
818
918
995
996
997
998
108
1000
1001
1002
928

Time = 337
Cost = 1208.98490
