10
1
2
118
4
5
6
7
11
9
13
3
12
31
14
15
654
125
387
19
20
21
22
23
24
459
26
27
28
100
29
84
32
33
34
30
8
37
198
39
41
40
42
43
44
45
46
47
48
49
50
51
52
53
35
55
73
310
276
59
60
61
62
63
16
65
74
67
68
225
130
71
72
311
133
75
76
77
78
79
80
81
82
83
18
85
86
257
88
89
90
91
92
93
204
95
96
97
98
99
66
126
102
261
104
105
106
107
282
109
110
111
112
412
114
115
116
117
36
119
120
121
309
123
124
17
230
128
127
161
70
69
132
54
134
135
156
201
87
139
140
141
254
143
144
145
146
187
148
103
151
150
274
312
154
155
185
157
158
159
160
129
162
163
164
165
166
167
168
169
170
189
172
174
173
175
176
177
178
249
213
180
426
183
241
136
186
954
301
171
190
191
192
193
194
195
196
197
142
199
368
137
202
203
94
205
457
240
208
210
209
211
853
181
214
215
216
260
218
219
220
221
270
222
237
224
226
256
228
229
101
231
232
233
234
188
147
346
238
239
179
184
331
243
244
245
360
247
248
207
616
603
252
113
131
255
227
366
258
259
58
149
262
263
264
265
266
305
268
392
0
271
272
273
152
275
217
277
278
279
741
280
999
483
284
285
286
287
288
289
291
340
302
293
294
295
296
689
298
299
300
235
292
303
38
267
306
307
494
122
200
57
153
314
313
315
316
317
318
319
329
413
322
534
864
325
339
327
328
425
321
332
489
333
320
335
336
357
338
326
56
557
367
343
344
547
352
347
348
349
350
351
223
353
354
738
356
337
358
359
246
361
362
334
364
566
518
342
236
369
370
371
372
373
374
402
376
377
378
408
379
381
382
383
384
385
430
873
388
389
671
391
269
552
394
395
396
397
700
466
400
562
375
403
404
405
406
407
380
409
212
411
253
622
414
415
416
510
418
419
420
251
422
423
424
643
429
427
428
64
386
431
570
836
434
435
436
437
438
439
440
441
442
443
444
445
446
447
448
449
450
451
452
453
454
455
323
521
458
531
460
461
462
463
464
465
399
467
468
469
470
471
794
586
474
475
476
477
478
479
936
481
482
283
484
485
486
487
721
421
490
491
492
417
308
495
496
497
498
499
500
501
502
503
846
505
506
507
25
509
493
744
512
513
514
840
516
517
138
519
520
206
522
523
524
525
526
527
528
529
530
508
532
533
456
535
536
537
538
539
540
541
542
543
544
545
546
345
548
642
550
551
393
553
554
555
556
182
558
559
560
682
401
563
564
565
365
567
568
569
684
571
572
749
432
575
576
577
578
579
580
581
582
583
584
585
621
561
588
589
590
504
592
593
594
595
596
598
597
599
600
601
602
549
604
605
606
607
608
609
290
611
612
938
614
615
659
617
618
619
620
433
250
623
624
625
626
627
628
629
573
631
632
633
634
635
636
637
638
639
640
641
716
304
644
645
646
647
648
649
650
651
652
653
363
655
656
657
658
330
660
661
662
663
755
665
666
667
668
472
866
390
672
673
674
675
676
677
678
679
680
681
587
515
574
685
686
891
688
297
690
691
692
746
694
695
696
697
810
699
398
664
971
886
704
705
706
931
709
708
710
711
480
962
714
715
813
717
718
719
720
324
760
723
724
725
726
727
728
729
730
731
861
733
734
735
736
737
355
767
740
835
742
743
511
745
670
747
748
693
888
751
752
753
754
910
756
757
758
759
722
761
762
763
764
765
766
739
768
769
770
771
772
773
774
775
776
777
778
779
969
780
782
783
784
785
786
787
788
789
790
791
792
793
842
281
796
797
798
799
800
986
610
803
804
805
806
807
808
809
698
811
882
732
814
703
816
817
843
819
820
821
822
823
824
825
826
827
828
781
830
831
832
833
942
980
630
837
838
839
713
841
701
993
844
945
712
847
848
849
889
908
852
854
341
855
856
857
812
859
860
850
862
863
683
865
815
867
868
869
870
961
872
911
874
875
876
871
878
879
802
881
983
988
884
885
750
887
967
669
890
687
892
893
894
895
896
897
898
899
900
901
902
903
904
905
906
907
955
909
410
880
912
913
914
915
916
917
801
919
920
921
922
923
883
925
926
927
795
989
930
707
932
933
934
935
977
937
613
939
940
941
834
943
944
946
981
947
948
949
950
951
952
953
963
851
956
957
958
959
960
991
1003
877
964
965
966
108
968
829
970
987
972
973
974
975
984
591
978
979
488
845
982
473
994
985
702
858
924
976
990
929
242
818
918
995
996
997
998
992
1000
1001
1002
928

