31
1
2
36
4
5
6
7
8
9
10
12
3
84
14
15
16
125
257
19
20
21
22
23
24
25
64
27
28
54
66
0
32
33
34
35
11
37
38
39
120
41
42
43
44
45
46
47
48
49
50
51
52
53
30
142
73
310
101
59
60
61
62
63
26
86
29
67
133
130
69
71
72
56
68
75
76
77
78
79
80
81
82
83
13
85
74
87
88
89
90
91
92
93
94
95
96
97
98
99
65
276
102
126
104
105
106
366
109
108
110
111
112
253
114
115
116
160
118
119
40
121
207
123
124
17
149
127
128
129
131
254
132
100
134
135
136
201
138
139
140
141
198
333
144
145
146
187
148
261
150
151
152
153
154
155
156
157
158
159
117
161
162
163
164
165
166
167
168
169
170
171
172
173
174
175
177
176
178
309
193
213
182
183
184
209
186
147
188
189
190
191
192
181
194
195
196
197
55
199
200
137
202
203
204
205
206
249
208
185
210
211
212
180
214
215
216
103
218
219
220
221
222
223
330
346
226
256
228
229
230
231
232
233
234
301
236
252
238
239
240
241
242
243
244
245
360
247
248
122
250
332
224
412
70
255
227
18
258
259
58
217
262
263
264
265
446
267
268
392
270
271
272
273
274
275
260
277
278
279
280
281
282
331
284
285
286
287
688
289
291
410
292
293
294
295
296
297
298
299
300
235
799
303
304
305
306
307
494
179
57
311
312
313
314
315
316
317
318
319
549
321
322
323
488
367
326
327
702
251
345
483
334
143
320
335
385
357
338
339
340
341
342
343
344
237
374
347
348
349
350
351
352
353
354
355
356
337
358
359
246
361
362
363
364
365
107
325
368
369
370
371
372
373
329
402
376
377
378
379
390
381
382
383
384
336
386
387
388
389
408
391
269
393
394
395
396
397
700
399
400
401
375
403
404
405
406
407
671
409
840
411
113
413
414
627
416
417
418
419
420
421
422
423
424
642
426
427
428
429
430
431
432
836
434
435
436
437
534
439
440
441
442
443
444
445
266
447
448
449
450
451
452
453
454
455
438
457
458
459
460
461
462
463
464
465
466
467
468
469
470
471
472
473
474
475
476
477
478
479
480
481
482
283
484
485
486
487
324
489
490
491
492
493
308
495
496
497
498
499
500
501
502
503
888
505
506
507
531
509
510
511
512
513
514
515
516
517
518
519
520
521
522
523
524
525
526
527
528
529
530
508
532
533
456
535
536
537
538
539
540
541
542
543
544
545
546
547
548
425
654
551
552
553
554
555
556
557
558
559
560
561
562
563
564
565
566
567
568
569
570
571
572
433
573
575
576
577
578
579
580
581
582
583
584
585
586
587
588
589
590
591
592
593
594
595
596
598
597
599
600
601
602
603
604
605
606
607
608
609
610
611
612
938
775
615
659
617
618
619
620
621
622
623
624
625
626
415
628
629
630
631
632
633
634
635
636
637
638
639
640
641
746
550
644
645
646
647
648
649
650
651
652
653
643
655
656
657
658
616
660
661
662
663
664
665
666
667
668
669
670
380
672
673
674
675
676
677
678
679
680
681
682
683
574
685
686
687
288
689
690
691
692
693
694
695
696
697
810
699
398
701
994
862
704
705
706
707
708
709
710
711
712
504
714
715
716
717
718
719
720
721
760
723
724
725
726
727
728
729
730
731
732
733
734
735
736
737
738
739
740
328
742
743
744
745
767
747
748
749
750
751
752
753
754
755
756
757
758
759
225
761
762
763
764
765
952
722
768
769
770
771
773
772
774
614
776
777
778
779
780
781
782
783
784
785
786
787
788
789
790
791
792
793
794
795
796
797
798
302
800
971
892
803
804
805
806
807
808
809
698
811
812
703
814
813
816
817
933
819
820
821
822
823
919
825
826
827
828
829
830
831
832
833
834
835
684
837
838
839
713
841
842
993
844
845
846
847
848
849
850
908
852
853
854
855
856
857
858
859
860
861
866
863
864
865
815
902
868
869
870
871
872
873
906
875
876
877
878
879
880
881
882
883
884
885
886
887
967
889
890
891
802
893
894
979
896
897
942
899
900
901
867
903
904
905
874
907
851
909
910
911
912
913
914
915
916
917
918
824
920
921
922
923
924
925
926
927
928
991
930
931
932
818
934
935
936
937
613
939
940
941
898
943
944
945
946
947
948
962
950
951
766
953
963
955
956
957
995
949
960
961
959
954
964
965
966
958
968
969
970
801
972
973
974
975
976
977
978
895
980
981
982
983
984
985
986
987
988
989
990
929
999
843
741
290
996
997
998
992
1000
1001
1002
1003

