389 388
451 452
512 511
542 543
569 604
505 613
619 620
668 667
696 697
701 702
715 714
718 717
5 743
512 744
756 755
761 762
338 766
164 789
626 792
796 795
727 797
794 801
805 804
525 809
195 818
793 824
195 843
349 845
558 851
849 858
79 865
319 874
882 883
705 884
306 893
859 894
639 895
825 899
75 901
904 903
319 906
558 908
473 914
777 918
793 919
219 920
486 921
94 922
611 923
441 924
454 925
768 926
657 928
91 929
757 930
195 933
569 934
211 935
553 937
505 938
665 939
701 941
199 944
864 945
338 952
715 953
558 955
790 958
228 960
400 962
964 965
279 966
790 967
686 968
757 970
794 971
655 973
498 974
885 975
649 976
545 978
639 979
774 980
487 981
95 982
932 984
159 985
986 987
983 988
649 989
607 990
43 991
609 992
195 993
291 994
618 995
464 996
889 997
154 998
609 999
427 1000
778 1001
526 1002
872 1003
