1800 1999 9141
5 2451 2668 4142 4160 4199 
1 6 
2 3095 5918 
1 4209 
1 7827 
1 816 
4 413 1491 3660 5900 
1 5056 
1 8073 
1 132 
1 7546 
18 59 956 3196 3607 3646 4555 5335 5357 6830 6937 6939 7035 7168 7170 7198 7273 7275 7472 
1 3238 
1 5076 
1 6216 
1 8005 
1 8974 
1 7160 
1 8925 
20 59 956 3196 3607 3646 4555 5335 5357 6830 6937 6939 7035 7168 7170 7198 7273 7275 7472 7637 7696 
1 8844 
1 8845 
1 6729 
1 8983 
1 1422 
1 8140 
1 5867 
2 2968 3878 
1 8444 
1 5893 
1 8762 
18 59 956 3196 3607 3646 4555 5335 5357 6830 6937 6939 7035 7168 7170 7198 7273 7275 7472 
1 7710 
1 8203 
1 5084 
1 7785 
1 4979 
1 1357 
5 2451 2668 4142 4160 4199 
1 5883 
1 2111 
1 1416 
1 6310 
1 2365 
4 946 5989 7006 7145 
1 8846 
1 8847 
9 1208 1209 1210 1212 1213 1214 5191 5192 5193 
4 3557 3612 4037 4296 
1 8971 
1 8972 
2 3168 6089 
1 8980 
1 8981 
2 1208 5193 
2 7016 8084 
1 5905 
1 6203 
3 817 6627 6628 
1 9010 
1 9011 
2 3824 5930 
1 6333 
2 5650 8396 
2 5650 8396 
1 5349 
1 8154 
2 7582 7583 
1 3574 
1 8570 
6 1086 1965 1970 1975 1978 1980 
1 44 
24 2961 3559 3642 4950 5127 5509 5512 5649 6400 6971 7611 7858 7881 7917 8053 8638 8826 8827 8829 8885 8886 8893 9044 9120 
1 9027 
1 9028 
1 1110 
1 955 
1 3767 
2 3534 8099 
1 9030 
1 9031 
1 2575 
1 3674 
1 4821 
1 428 
2 1208 5192 
1 221 
2 3824 5930 
1 3163 
1 1440 
2 4253 7231 
1 5848 
24 2961 3559 3642 4950 5127 5509 5512 5649 6400 6971 7611 7858 7881 7917 8053 8638 8826 8827 8829 8885 8886 8893 9044 9120 
1 2160 
1 5171 
1 6160 
1 6161 
1 9036 
1 9037 
1 9112 
1 9113 
1 41 
1 5041 
3 1412 1419 2208 
1 5770 
1 9129 
1 9130 
1 3905 
1 1101 
18 59 956 3196 3607 3646 4555 5335 5357 6830 6937 6939 7035 7168 7170 7198 7273 7275 7472 
1 3614 
2 3320 5296 
1 8339 
1 9138 
1 9139 
1 1128 
1 6470 
3 1412 1419 2208 
1 753 
5 334 378 379 644 1161 
3 6512 6517 6527 
2 6075 6077 
2 3164 6060 
20 59 956 3196 3607 3646 4555 5335 5357 6830 6937 6939 7035 7168 7170 7198 7273 7275 7472 7637 7696 
1 5993 
1 3879 
1 6946 
1 8872 
1 4529 
1 1501 
1 5521 
3 31 93 199 
1 1447 
1 780 
79 0 1 104 105 158 159 162 163 302 1138 1157 1158 1244 1245 1453 1634 1666 2125 2351 2352 2443 2444 2449 2702 2833 2900 2901 2911 3108 3109 3214 3215 3466 3467 3488 3549 3550 3610 3611 3702 3746 3747 3752 3753 3762 3771 3827 3883 3884 3906 3907 3927 3928 3931 4255 4511 4512 4916 4918 4928 4929 5090 5091 5188 5189 5207 5208 5209 5210 5694 5695 5698 5699 5743 5744 5782 5783 5863 5864 
79 0 1 104 105 158 159 162 163 302 1138 1157 1158 1244 1245 1453 1634 1666 2125 2351 2352 2443 2444 2449 2702 2833 2900 2901 2911 3108 3109 3214 3215 3466 3467 3488 3549 3550 3610 3611 3702 3746 3747 3752 3753 3762 3771 3827 3883 3884 3906 3907 3927 3928 3931 4255 4511 4512 4916 4918 4928 4929 5090 5091 5188 5189 5207 5208 5209 5210 5694 5695 5698 5699 5743 5744 5782 5783 5863 5864 
1 8558 
2 8373 8963 
18 59 956 3196 3607 3646 4555 5335 5357 6830 6937 6939 7035 7168 7170 7198 7273 7275 7472 
2 2342 3572 
2 1228 2124 
1 6090 
1 7586 
18 59 956 3196 3607 3646 4555 5335 5357 6830 6937 6939 7035 7168 7170 7198 7273 7275 7472 
1 1152 
1 7204 
1 405 
1 954 
1 9119 
1 3174 
1 418 
79 0 1 104 105 158 159 162 163 302 1138 1157 1158 1244 1245 1453 1634 1666 2125 2351 2352 2443 2444 2449 2702 2833 2900 2901 2911 3108 3109 3214 3215 3466 3467 3488 3549 3550 3610 3611 3702 3746 3747 3752 3753 3762 3771 3827 3883 3884 3906 3907 3927 3928 3931 4255 4511 4512 4916 4918 4928 4929 5090 5091 5188 5189 5207 5208 5209 5210 5694 5695 5698 5699 5743 5744 5782 5783 5863 5864 
66 0 1 104 105 158 159 162 163 302 1138 1157 1158 1244 1245 1453 1634 1666 2125 2351 2352 2443 2444 2449 2702 2833 2900 2901 2911 3108 3109 3214 3215 3466 3467 3488 3549 3550 3610 3611 3702 3746 3747 3752 3753 3762 3771 3827 3883 3884 3906 3907 3927 3928 3931 4255 4511 4512 4916 4918 4928 4929 5090 5091 5188 5189 5207 
1 4553 
66 0 1 104 105 158 159 162 163 302 1138 1157 1158 1244 1245 1453 1634 1666 2125 2351 2352 2443 2444 2449 2702 2833 2900 2901 2911 3108 3109 3214 3215 3466 3467 3488 3549 3550 3610 3611 3702 3746 3747 3752 3753 3762 3771 3827 3883 3884 3906 3907 3927 3928 3931 4255 4511 4512 4916 4918 4928 4929 5090 5091 5188 5189 5207 
79 0 1 104 105 158 159 162 163 302 1138 1157 1158 1244 1245 1453 1634 1666 2125 2351 2352 2443 2444 2449 2702 2833 2900 2901 2911 3108 3109 3214 3215 3466 3467 3488 3549 3550 3610 3611 3702 3746 3747 3752 3753 3762 3771 3827 3883 3884 3906 3907 3927 3928 3931 4255 4511 4512 4916 4918 4928 4929 5090 5091 5188 5189 5207 5208 5209 5210 5694 5695 5698 5699 5743 5744 5782 5783 5863 5864 
1 152 
1 7082 
1 2299 
2 6817 9032 
79 0 1 104 105 158 159 162 163 302 1138 1157 1158 1244 1245 1453 1634 1666 2125 2351 2352 2443 2444 2449 2702 2833 2900 2901 2911 3108 3109 3214 3215 3466 3467 3488 3549 3550 3610 3611 3702 3746 3747 3752 3753 3762 3771 3827 3883 3884 3906 3907 3927 3928 3931 4255 4511 4512 4916 4918 4928 4929 5090 5091 5188 5189 5207 5208 5209 5210 5694 5695 5698 5699 5743 5744 5782 5783 5863 5864 
66 0 1 104 105 158 159 162 163 302 1138 1157 1158 1244 1245 1453 1634 1666 2125 2351 2352 2443 2444 2449 2702 2833 2900 2901 2911 3108 3109 3214 3215 3466 3467 3488 3549 3550 3610 3611 3702 3746 3747 3752 3753 3762 3771 3827 3883 3884 3906 3907 3927 3928 3931 4255 4511 4512 4916 4918 4928 4929 5090 5091 5188 5189 5207 
1 7276 
1 7852 
1 8810 
79 0 1 104 105 158 159 162 163 302 1138 1157 1158 1244 1245 1453 1634 1666 2125 2351 2352 2443 2444 2449 2702 2833 2900 2901 2911 3108 3109 3214 3215 3466 3467 3488 3549 3550 3610 3611 3702 3746 3747 3752 3753 3762 3771 3827 3883 3884 3906 3907 3927 3928 3931 4255 4511 4512 4916 4918 4928 4929 5090 5091 5188 5189 5207 5208 5209 5210 5694 5695 5698 5699 5743 5744 5782 5783 5863 5864 
79 0 1 104 105 158 159 162 163 302 1138 1157 1158 1244 1245 1453 1634 1666 2125 2351 2352 2443 2444 2449 2702 2833 2900 2901 2911 3108 3109 3214 3215 3466 3467 3488 3549 3550 3610 3611 3702 3746 3747 3752 3753 3762 3771 3827 3883 3884 3906 3907 3927 3928 3931 4255 4511 4512 4916 4918 4928 4929 5090 5091 5188 5189 5207 5208 5209 5210 5694 5695 5698 5699 5743 5744 5782 5783 5863 5864 
1 1108 
1 6752 
1 8789 
1 188 
1 8714 
1 5903 
1 323 
2 3538 6832 
2 3539 6833 
1 2870 
1 3578 
1 8498 
1 7610 
3 6681 7055 7219 
1 6897 
4 39 316 840 1433 
16 59 956 3196 3607 3646 4555 5335 5357 6830 6937 6939 7035 7168 7170 7198 7273 
1 7974 
3 6217 6688 8375 
1 4044 
1 6686 
1 8247 
1 8114 
1 1042 
2 1076 3468 
1 8952 
18 59 956 3196 3607 3646 4555 5335 5357 6830 6937 6939 7035 7168 7170 7198 7273 7275 7472 
1 5279 
6 523 549 555 587 606 607 
1 8401 
1 6792 
1 1385 
1 1387 
