800 999 9141
1 168 
3 6696 7544 7677 
1 5736 
1 696 
1 2056 
2 8966 8967 
1 958 
1 315 
1 8011 
6 2433 2466 3453 7458 7459 7651 
1 2203 
1 582 
1 153 
1 372 
1 5914 
2 4382 4383 
1 6424 
1 8274 
1 8273 
2 2369 4910 
1 2841 
1 3416 
1 1673 
1 8835 
1 8836 
1 8352 
1 57 
1 2924 
1 1919 
1 2325 
1 7993 
1 8500 
1 312 
3 2185 2186 2188 
1 7101 
1 4986 
2 5060 5468 
1 8852 
1 6224 
1 2475 
1 72 
1 77 
2 35 551 
2 4382 4383 
1 7745 
5 576 5399 5400 5401 7134 
1 1145 
1 8371 
1 8362 
3 2256 3852 4952 
1 8567 
2 4842 7711 
1 935 
1 634 
1 4245 
1 8129 
1 8116 
3 316 6050 6306 
1 142 
1 245 
1 8241 
1 2076 
1 4774 
1 2478 
1 736 
1 600 
1 1298 
3 6696 7544 7677 
1 7090 
1 241 
4 1898 2275 2276 2278 
1 1894 
1 3411 
3 6696 7544 7677 
1 6108 
1 3413 
1 1618 
1 2023 
7 3738 3739 5243 5244 5245 5248 5249 
1 252 
1 8910 
1 569 
1 4277 
1 7743 
1 8269 
1 3001 
16 1914 2826 2882 3201 3282 3381 4099 5598 6050 6131 6372 6707 6857 7029 7363 7658 
11 6937 6939 7035 7168 7170 7198 7273 7275 7472 7637 7696 
1 5959 
1 831 
1 8621 
1 1014 
1 583 
1 1539 
1 8870 
2 2650 4035 
1 10 
1 7831 
1 1833 
1 17 
1 1766 
1 1770 
1 3295 
1 6027 
1 1663 
1 7736 
3 2256 3852 4952 
1 4063 
1 2658 
1 1026 
1 8191 
1 4319 
1 1166 
1 7927 
1 7880 
1 1681 
4 3963 4371 5064 7225 
2 5655 5804 
4 3806 3807 4916 4918 
1 5038 
1 2813 
1 2561 
1 389 
1 2236 
1 4985 
1 8190 
1 4569 
1 5063 
3 2256 3852 4952 
1 3566 
3 5217 5218 5220 
19 1478 1479 1480 1914 2826 2882 3201 3282 3381 4099 5598 6050 6131 6372 6707 6857 7029 7363 7658 
1 2348 
1 4605 
1 1156 
1 22 
1 30 
1 1664 
1 282 
1 4432 
1 277 
1 4789 
1 67 
1 1558 
1 7767 
18 5188 5189 5207 5208 6121 6199 6539 6680 6681 6770 6902 6980 7244 7248 7353 7358 7443 7692 
1 769 
2 7283 7284 
1 9067 
1 335 
1 362 
18 1478 1479 1480 1914 2826 2882 3201 3282 3381 4099 5598 6050 6131 6372 6707 6857 7029 7363 
17 1478 1479 1480 1914 2826 2882 3201 3282 3381 4099 5598 6050 6131 6372 6707 6857 7029 
1 9131 
1 8620 
1 1609 
18 5188 5189 5207 5208 6121 6199 6539 6680 6681 6770 6902 6980 7244 7248 7353 7358 7443 7692 
17 5188 5189 5207 5208 6121 6199 6539 6680 6681 6770 6902 6980 7244 7248 7353 7358 7443 
1 3037 
1 2553 
1 2673 
11 6937 6939 7035 7168 7170 7198 7273 7275 7472 7637 7696 
1 8267 
1 5170 
1 2947 
1 8787 
1 3454 
1 341 
5 3129 3145 5607 6932 7442 
1 5517 
1 2418 
1 1643 
1 7224 
2 8563 8564 
1 4138 
1 1560 
1 3458 
1 5341 
5 2882 5655 5804 6390 9102 
1 1176 
1 3692 
1 477 
1 1143 
7 3738 3739 5243 5244 5245 5248 5249 
1 5017 
1 3422 
1 354 
1 8618 
1 519 
1 5654 
1 1240 
1 5144 
1 1583 
16 1478 1479 1480 1914 2826 2882 3201 3282 3381 4099 5598 6050 6131 6372 6707 6857 
16 5188 5189 5207 5208 6121 6199 6539 6680 6681 6770 6902 6980 7244 7248 7353 7358 
15 5188 5189 5207 5208 6121 6199 6539 6680 6681 6770 6902 6980 7244 7248 7353 
1 8768 
1 6898 
1 237 
1 744 
