600 799 9141
1 3166 
1 915 
3 3699 5542 8263 
1 6012 
1 8298 
1 852 
1 15 
1 1672 
1 319 
1 5524 
1 2322 
1 849 
1 4696 
1 8438 
1 2544 
1 7589 
4 2414 3271 3272 5232 
2 45 65 
1 3290 
1 1747 
1 8651 
1 8650 
2 6401 8230 
2 6401 8192 
2 6401 8033 
2 5070 5933 
1 898 
1 8179 
4 3580 7725 8185 8760 
3 5217 5218 5220 
1 92 
1 8633 
1 8486 
1 1008 
1 788 
1 3203 
2 1895 5610 
1 3737 
1 261 
1 8217 
1 8165 
1 4576 
1 1318 
1 8307 
2 3806 3807 
1 6197 
1 3363 
1 3076 
1 36 
1 2564 
3 1437 4453 7400 
1 1174 
1 6068 
1 125 
1 5219 
1 8729 
1 8499 
1 1674 
1 1429 
1 8321 
1 9061 
1 2880 
1 127 
1 3045 
2 120 122 
1 2191 
1 1851 
1 242 
1 7638 
1 6094 
1 1265 
1 7293 
1 7411 
2 6123 6124 
6 3382 3963 4371 5064 5885 7225 
2 9070 9133 
1 660 
1 236 
1 8010 
1 3915 
1 3493 
3 5217 5218 5220 
2 7458 7459 
1 6109 
1 1521 
1 248 
1 6930 
4 5727 5728 8864 8865 
1 5235 
1 598 
1 25 
1 1179 
1 360 
1 6054 
1 2 
1 172 
2 7096 7100 
1 1905 
1 5354 
1 2057 
2 6123 6124 
1 5043 
1 250 
1 1303 
2 3749 8471 
1 4186 
1 1185 
4 5727 5728 8864 8865 
1 5190 
6 1208 1209 1210 1212 1213 1214 
1 461 
1 612 
2 118 3258 
1 8456 
1 8427 
1 3789 
1 8320 
1 875 
2 133 134 
1 2395 
1 4527 
1 763 
1 97 
1 1519 
2 1115 8792 
1 5881 
1 9106 
1 5069 
1 7514 
1 770 
1 7650 
1 8143 
1 8584 
1 8388 
1 8387 
1 6353 
1 2938 
1 6468 
1 552 
1 223 
1 2844 
1 1862 
1 4269 
1 8702 
1 8552 
6 3382 3963 4371 5064 5885 7225 
6 3382 3963 4371 5064 5885 7225 
2 98 1327 
1 5246 
1 253 
1 297 
1 8142 
1 8141 
1 3397 
1 111 
1 4483 
1 2155 
1 5803 
1 3268 
1 7542 
3 949 950 8123 
3 949 950 8123 
1 437 
1 6531 
1 720 
1 761 
1 1233 
1 730 
1 2672 
1 438 
1 1772 
1 2884 
1 3250 
2 3749 8471 
4 3580 7725 8185 8760 
1 117 
2 1115 8792 
1 1116 
1 7619 
1 4329 
7 3738 3739 5243 5244 5245 5248 5249 
1 5835 
1 1771 
1 8051 
1 8037 
1 5247 
7 3738 3739 5243 5244 5245 5248 5249 
1 2435 
1 550 
1 1781 
4 7706 7707 7708 7709 
1 8501 
1 3629 
1 227 
1 611 
1 8378 
1 8372 
1 1426 
1 7485 
1 43 
