1000 1199 9141
1 4701 
1 1912 
1 6584 
1 6614 
1 6761 
1 7518 
1 5529 
1 112 
1 2472 
1 394 
1 3014 
1 7625 
1 1304 
1 3388 
1 2065 
1 9020 
1 173 
1 8850 
1 8849 
1 8813 
1 8101 
2 6868 7896 
1 2302 
1 224 
1 7277 
1 2195 
14 1478 1479 1480 1914 2826 2882 3201 3282 3381 4099 5598 6050 6131 6372 
14 1478 1479 1480 1914 2826 2882 3201 3282 3381 4099 5598 6050 6131 6372 
2 6868 7896 
2 4878 4879 
1 3783 
2 3958 4102 
1 4139 
1 800 
1 307 
1 2394 
1 1767 
1 5501 
1 4552 
13 5188 5189 5207 5208 6121 6199 6539 6680 6681 6770 6902 6980 7244 
13 5188 5189 5207 5208 6121 6199 6539 6680 6681 6770 6902 6980 7244 
1 4583 
12 5188 5189 5207 5208 6121 6199 6539 6680 6681 6770 6902 6980 
11 5188 5189 5207 5208 6121 6199 6539 6680 6681 6770 6902 
1 9063 
1 4622 
1 972 
1 9 
1 1902 
1 7135 
2 1293 5875 
2 1292 4144 
1 201 
2 3534 8099 
1 177 
10 5188 5189 5207 5208 6121 6199 6539 6680 6681 6770 
9 5188 5189 5207 5208 6121 6199 6539 6680 6681 
1 5083 
1 5374 
1 1234 
1 4250 
1 2316 
1 482 
1 3498 
1 218 
3 3699 5542 8263 
1 478 
1 4722 
1 171 
1 5837 
1 7329 
2 8563 8564 
1 807 
1 7267 
1 5379 
1 4307 
1 267 
1 2659 
1 8573 
1 4434 
9 6937 6939 7035 7168 7170 7198 7273 7275 7472 
1 8295 
1 243 
8 5188 5189 5207 5208 6121 6199 6539 6680 
7 5188 5189 5207 5208 6121 6199 6539 
1 7360 
1 301 
1 5182 
4 1898 2275 2276 2278 
1 3055 
1 2102 
1 5812 
2 7217 7377 
1 548 
1 1921 
1 5308 
1 4237 
1 1885 
7 3738 3739 5243 5244 5245 5248 5249 
1 215 
1 1182 
1 9101 
1 124 
1 5627 
6 5188 5189 5207 5208 6121 6199 
5 5188 5189 5207 5208 6121 
1 3077 
1 1431 
1 4520 
1 933 
1 5735 
1 6929 
1 2161 
3 7017 7018 7316 
1 8655 
1 8280 
1 8305 
1 714 
1 3833 
2 7129 7428 
1 8 
1 6067 
1 6064 
1 6063 
1 4169 
13 1478 1479 1480 1914 2826 2882 3201 3282 3381 4099 5598 6050 6131 
12 1478 1479 1480 1914 2826 2882 3201 3282 3381 4099 5598 6050 
1 1204 
2 2369 4910 
1 6948 
1 388 
1 5315 
2 7129 7428 
1 392 
1 964 
1 1284 
1 7236 
1 5689 
1 8251 
1 4469 
1 959 
1 923 
1 1129 
26 3557 3612 4037 4296 5277 5301 5336 6033 6401 6689 6802 6803 7265 7485 7929 7930 8033 8192 8230 8352 8448 8449 8586 8701 8702 9026 
26 3557 3612 4037 4296 5277 5301 5336 6033 6401 6689 6802 6803 7265 7485 7929 7930 8033 8192 8230 8352 8448 8449 8586 8701 8702 9026 
1 213 
1 4889 
5 5188 5189 5207 5208 5209 
5 5188 5189 5207 5208 5210 
1 1217 
1 9065 
1 2034 
1 2404 
1 2916 
1 68 
1 4764 
1 9062 
1 662 
1 6222 
1 9077 
3 7017 7018 7316 
5 5188 5189 5207 5208 5694 
5 5188 5189 5207 5208 5695 
1 390 
1 143 
1 144 
1 3056 
1 8113 
5 5188 5189 5207 5208 5698 
5 5188 5189 5207 5208 5699 
1 2661 
1 6578 
1 2439 
1 8493 
1 403 
1 207 
11 1478 1479 1480 1914 2826 2882 3201 3282 3381 4099 5598 
10 1478 1479 1480 1914 2826 2882 3201 3282 3381 4099 
14 2968 3878 4369 6401 6802 6803 6868 6912 7265 7896 8352 8552 8701 8702 
7 2968 3878 4369 6401 6802 6912 7265 
3 884 5092 5112 
1 436 
1 3190 
2 5519 5520 
1 8334 
5 5188 5189 5207 5208 5743 
5 5188 5189 5207 5208 5744 
2 6905 8496 
1 5151 
4 2414 3271 3272 5232 
2 4878 4879 
1 2210 
1 5116 
1 9100 
3 3557 6803 6912 
1 1557 
1 8001 
2 3375 5772 
1 3192 
2 2704 3818 
