1200 1399 9141
2 2704 3818 
1 66 
1 126 
1 4941 
1 8790 
1 8866 
5 5188 5189 5207 5208 5782 
5 5188 5189 5207 5208 5783 
2 2092 2093 
1 560 
1 6689 
2 1383 1481 
1 762 
1 963 
1 6636 
2 4603 6866 
2 7130 7430 
1 2485 
1 973 
1 7327 
1 5461 
1 2251 
4 3963 4371 5064 7225 
1 249 
1 8150 
1 8607 
5 5188 5189 5207 5208 5863 
5 5188 5189 5207 5208 5864 
1 4435 
1 5304 
1 7581 
1 5880 
2 3560 6137 
1 5049 
2 2281 2336 
2 2281 2336 
1 3040 
1 1172 
1 7078 
5 3580 7466 7725 8185 8760 
1 716 
1 8078 
1 5105 
1 5143 
2 98 1327 
1 2471 
1 220 
1 5518 
1 665 
1 8276 
1 8275 
2 4842 7711 
1 206 
5 5188 5189 5207 5208 6208 
5 5188 5189 5207 5208 6209 
1 4528 
1 8818 
5 5188 5189 5207 5208 6373 
5 5188 5189 5207 5208 6374 
6 1086 1965 1970 1975 1978 1980 
1 1720 
8 1478 1479 1480 1914 2826 2882 3201 3282 
1 454 
7 3738 3739 5243 5244 5245 5248 5249 
1 272 
1 3269 
1 5688 
1 6033 
1 1779 
1 7062 
5 5188 5189 5207 5208 6497 
5 5188 5189 5207 5208 6498 
1 6695 
5 3580 7466 7725 8185 8760 
3 9076 9078 9079 
1 517 
2 3560 6137 
1 659 
26 3557 3612 4037 4296 5277 5301 5336 6033 6401 6689 6802 6803 7265 7485 7929 7930 8033 8192 8230 8352 8448 8449 8586 8701 8702 9026 
1 7578 
5 5188 5189 5207 5208 6684 
5 5188 5189 5207 5208 6685 
1 9014 
9 1208 1209 1210 1212 1213 1214 7569 7580 8787 
1 4715 
5 5188 5189 5207 5208 6719 
5 5188 5189 5207 5208 6720 
1 4273 
1 5226 
1 3949 
1 1352 
1 8279 
1 8258 
1 8517 
1 2368 
8 1478 1479 1480 1914 2826 2882 3201 3282 
7 1478 1479 1480 1914 2826 2882 3201 
5 5188 5189 5207 5208 6973 
5 5188 5189 5207 5208 6974 
1 2310 
1 6113 
2 7033 7636 
2 7033 7636 
1 2415 
1 1535 
1 1013 
1 5755 
1 4059 
1 74 
1 8569 
1 7817 
5 5188 5189 5207 5208 7021 
5 5188 5189 5207 5208 7022 
5 5188 5189 5207 5208 7023 
5 5188 5189 5207 5208 7024 
1 7011 
5 5188 5189 5207 5208 7058 
5 5188 5189 5207 5208 7059 
1 6845 
1 1450 
1 8853 
8 6937 6939 7035 7168 7170 7198 7273 7275 
1 182 
1 3886 
1 175 
1 1578 
1 5486 
1 760 
3 3129 3145 5607 
4 3580 7725 8185 8760 
1 408 
2 3785 3787 
1 114 
1 5849 
1 2174 
1 106 
1 12 
1 7113 
4 6733 6734 7283 7284 
1 2468 
2 5939 5940 
1 8415 
1 6316 
1 8071 
1 9132 
1 1457 
4 164 1113 1467 1468 
1 640 
1 6117 
5 5188 5189 5207 5208 7115 
5 5188 5189 5207 5208 7116 
1 280 
1 3939 
1 8207 
5 5188 5189 5207 5208 7143 
5 5188 5189 5207 5208 7144 
1 462 
1 2878 
1 353 
1 4687 
1 743 
1 3231 
1 3486 
1 4545 
1 4284 
1 5726 
1 4907 
1 7994 
1 534 
1 2940 
5 5188 5189 5207 5208 7199 
5 5188 5189 5207 5208 7200 
1 9127 
1 8561 
1 6650 
1 87 
2 3557 5301 
2 3557 5277 
2 1293 5875 
2 1292 4144 
1 4234 
1 8654 
1 246 
1 7832 
6 1478 1479 1480 1914 2826 2882 
5 5188 5189 5207 5208 7201 
5 5188 5189 5207 5208 7202 
1 7995 
1 9114 
1 6668 
1 7570 
2 5727 5728 
1 46 
1 3197 
1 8862 
1 1250 
1 5074 
2 5713 7780 
1 8871 
1 6329 
