0 0 199 9141
1 1503 
1 5310 
1 5014 
1 4271 
1 865 
1 2366 
1 3792 
1 3791 
1 584 
1 101 
1 2029 
1 3690 
1 511 
1 2184 
1 3379 
1 1515 
1 4836 
1 4086 
1 3515 
1 131 
1 4698 
1 601 
1 333 
1 331 
1 1608 
1 490 
1 3431 
1 5392 
1 2018 
1 6809 
1 5516 
1 5767 
1 4439 
1 593 
1 3636 
1 1277 
1 618 
1 4433 
1 792 
1 1508 
1 8530 
1 6580 
1 914 
1 752 
1 5798 
1 2363 
1 326 
1 3632 
1 3633 
1 610 
1 2486 
1 2816 
1 6318 
1 8146 
1 2086 
1 6326 
1 2082 
1 732 
1 8531 
1 327 
1 328 
1 1756 
1 3210 
1 342 
1 666 
1 2279 
1 5923 
1 4449 
1 7418 
1 332 
1 2775 
1 4761 
1 3532 
1 6586 
1 2861 
1 202 
1 4790 
1 722 
2 508 4272 
1 2473 
1 988 
1 1044 
1 4689 
1 2977 
1 1556 
1 3425 
1 514 
1 330 
1 145 
1 5924 
1 2482 
1 2022 
1 5095 
1 5800 
1 5834 
1 3696 
1 3415 
1 1683 
1 654 
1 595 
2 1551 1559 
1 4582 
1 1505 
1 4688 
1 3786 
2 508 4272 
1 7705 
1 975 
1 4682 
1 2154 
6 2433 2466 3453 7458 7459 7651 
6 2433 2466 3453 7458 7459 7651 
1 4718 
1 3790 
1 504 
4 5313 5314 6359 6362 
1 977 
1 3635 
1 7553 
1 4887 
1 6361 
1 604 
1 7095 
1 1682 
1 4490 
1 8571 
1 8572 
1 4320 
1 4447 
1 1333 
1 1612 
2 733 5309 
1 1507 
1 8665 
1 2929 
1 1692 
1 3564 
1 4984 
1 8529 
1 5793 
2 516 5339 
1 5946 
1 181 
1 228 
1 3796 
1 2214 
1 4624 
1 329 
1 2016 
1 7482 
1 8528 
1 8664 
4 2414 3271 3272 5232 
4 2414 3271 3272 5232 
1 128 
1 266 
1 1487 
1 4454 
1 7338 
1 296 
1 52 
1 6062 
1 135 
2 733 5309 
1 4436 
1 8550 
1 3253 
1 2006 
1 5817 
1 3971 
1 6982 
1 3634 
1 3793 
1 4686 
2 3414 4697 
2 3414 4697 
1 4769 
1 1442 
1 8656 
1 8323 
1 4431 
1 7855 
1 7662 
1 6811 
1 6928 
1 2825 
1 6984 
1 3516 
1 9002 
1 6995 
3 2515 4008 4342 
4 1504 1510 6581 7482 
4 133 134 1243 7230 
1 663 
1 6320 
1 1269 
1 4881 
1 2301 
4 1504 1510 6581 7482 
1 11 
