1503
5310
5014
4271
865
2366
3792
3791
584
101
2029
3690
511
2184
3379
1515
4836
4086
3515
131
4698
601
333
331
1608
490
3431
5392
2018
6809
5516
5767
4439
593
3636
1277
618
4433
792
1508
8530
6580
914
752
5798
2363
326
3632
3633
610
2486
2816
6318
8146
2086
6326
2082
732
8531
327
328
1756
3210
342
666
2279
5923
4449
7418
332
2775
4761
3532
6586
2861
202
4790
722
4272
2473
988
1044
4689
2977
1556
3425
514
330
145
5924
2482
2022
5095
5800
5834
3696
3415
1683
654
595
1551
4582
1505
4688
3786
508
7705
975
4682
2154
7651
7459
4718
3790
504
6362
977
3635
7553
4887
6361
604
7095
1682
4490
8571
8572
4320
4447
1333
1612
733
1507
8665
2929
1692
3564
4984
8529
5793
5339
5946
181
228
3796
2214
4624
329
2016
7482
8528
8664
2414
3271
128
266
1487
4454
7338
296
52
6062
135
5309
4436
8550
3253
2006
5817
3971
6982
3634
3793
4686
3414
4697
4769
1442
8656
8323
4431
7855
7662
6811
6928
2825
6984
3516
9002
6995
2515
6581
7230
663
6320
1269
4881
2301
1504
11
542
2996
2376
2505
8194
3193
6582
3233
6359
4278
3797
2388
4141
4693
2559
3432
6619
5725
7702
2081
2885
537
325
7099
257
8622
3360
3323
7902
2539
518
5520
7134
7708
5361
2646
1680
4480
7132
574
4558
4167
6321
4309
907
1047
1315
133
1510
5401
9048
4882
4690
141
6866
653
2466
590
551
3400
787
1998
55
8510
2513
1446
4831
559
7551
8744
5400
54
7857
3906
1502
965
1686
6110
1773
4470
1677
2221
7097
2085
3599
1553
167
794
507
2087
3518
4702
7138
4462
2423
8985
2978
5764
5962
9093
2562
8309
6852
5795
4279
3742
9102
6391
9060
4247
735
4270
1229
404
214
1522
3069
3453
2514
3028
4584
5613
4265
209
239
5070
8986
3459
2717
244
4008
7961
1029
6983
5197
5802
7556
3266
5723
9097
8987
8769
5797
4880
2181
7018
1243
4342
279
2187
6011
4817
422
668
3519
3757
2656
4102
7130
5260
5794
5936
3195
4227
4980
2603
919
4477
2182
7790
833
8988
8364
5114
1062
539
4695
5221
8359
2492
3258
1801
5763
4437
48
509
7475
2810
3758
591
8169
6533
6390
4700
285
9092
9091
4699
4035
2370
4536
49
6732
990
406
641
727
9085
9068
4694
3359
596
7517
8854
9122
4315
5399
2476
745
1903
1192
3152
5686
1164
8090
2645
7577
3554
384
3452
2987
5418
281
5796
592
5111
352
613
516
8393
9046
9038
8123
947
2264
7100
3750
7530
1178
804
1684
1561
225
3412
3049
3683
8568
7279
2994
7612
5085
33
47
3885
5314
5250
1568
4467
8788
1214
2708
9133
985
3165
8992
8905
6708
6734
8002
5058
1552
7098
8358
5656
556
9026
6401
1054
1147
809
1597
3230
5719
8263
2565
45
8624
2193
588
120
1531
1688
802
6851
2995
7707
7102
2750
8701
661
4691
4453
2897
5313
5353
7500
154
9021
310
8682
270
1906
2392
3604
8764
8680
888
2803
974
1207
7278
8586
8449
350
2856
669
2083
3788
531
7900
4899
1175
764
7735
6481
4710
1667
8496
9039
793
1514
8861
8851
8348
5248
4765
3795
255
739
6111
191
119
2537
3368
3794
1774
1051
3247
4048
7400
1812
5184
3974
34
367
26
723
5922
1656
8308
8448
6590
812
1232
4893
1676
2875
2873
501
1154
9049
2253
1323
5623
1258
240
217
298
308
3460
3166
915
5542
6012
8298
852
15
1672
319
5524
2322
849
4696
8438
2544
7589
3272
65
3290
1747
8651
8650
8230
8192
8033
5933
898
8179
8760
5220
92
8633
8486
1008
788
3203
5610
3737
261
8217
8165
4576
1318
8307
3807
6197
3363
3076
36
2564
1437
1174
6068
125
5219
8729
8499
1674
1429
8321
9061
2880
127
3045
122
2191
1851
242
7638
6094
1265
7293
7411
6124
5064
9070
660
236
8010
3915
3493
5218
7458
6109
1521
248
6930
8865
5235
598
25
1179
360
6054
2
172
7096
1905
5354
2057
6123
5043
250
1303
8471
4186
1185
8864
5190
1209
461
612
118
8456
8427
3789
8320
875
134
2395
4527
763
97
1519
8792
5881
9106
5069
7514
770
7650
8143
8584
8388
8387
6353
2938
6468
552
223
2844
1862
4269
8702
8552
5885
3963
98
5246
253
297
8142
8141
3397
111
4483
2155
5803
3268
7542
950
949
437
6531
720
761
1233
730
2672
438
1772
2884
3250
3749
8185
117
1115
1116
7619
4329
5249
5835
1771
8051
8037
5247
5245
2435
550
1781
7706
8501
3629
227
611
8378
8372
1426
7485
43
168
7677
5736
696
2056
8966
958
315
8011
2433
2203
582
153
372
5914
4382
6424
8274
8273
2369
2841
3416
1673
8835
8836
8352
57
2924
1919
2325
7993
8500
312
2185
7101
4986
5468
8852
6224
2475
72
77
35
4383
7745
576
1145
8371
8362
4952
8567
7711
935
634
4245
8129
8116
6306
142
245
8241
2076
4774
2478
736
600
1298
7544
7090
241
2275
1894
3411
6696
6108
3413
1618
2023
5244
252
8910
569
4277
7743
8269
3001
7658
7696
5959
831
8621
1014
583
1539
8870
2650
10
7831
1833
17
1766
1770
3295
6027
1663
7736
2256
4063
2658
1026
8191
4319
1166
7927
7880
1681
7225
5655
4918
5038
2813
2561
389
2236
4985
8190
4569
5063
3852
3566
5217
7363
2348
4605
1156
22
30
1664
282
4432
277
4789
67
1558
7767
7692
769
7284
9067
335
362
7029
6857
9131
8620
1609
7443
7358
3037
2553
2673
7637
8267
5170
2947
8787
3454
341
5607
5517
2418
1643
7224
8564
4138
1560
3458
5341
5804
1176
3692
477
1143
5243
5017
3422
354
8618
519
5654
1240
5144
1583
6707
7353
7248
8768
6898
237
744
4701
1912
6584
6614
6761
7518
5529
112
2472
394
3014
7625
1304
3388
2065
9020
173
8850
8849
8813
8101
7896
2302
224
7277
2195
6372
6131
6868
4879
3783
3958
4139
800
307
2394
1767
5501
4552
7244
6980
4583
6902
6770
9063
4622
972
9
1902
7135
5875
1292
201
8099
177
6681
6680
5083
5374
1234
4250
2316
482
3498
218
3699
478
4722
171
5837
7329
8563
807
7267
5379
4307
267
2659
8573
4434
7472
8295
243
6539
6199
7360
301
5182
1898
3055
2102
5812
7377
548
1921
5308
4237
1885
3739
215
1182
9101
124
5627
6121
5208
3077
1431
4520
933
5735
6929
2161
7017
8655
8280
8305
714
3833
7129
8
6067
6064
6063
4169
6050
5598
1204
4910
6948
388
5315
7428
392
964
1284
7236
5689
8251
4469
959
923
1129
7930
7929
213
4889
5209
5210
1217
9065
2034
2404
2916
68
4764
9062
662
6222
9077
7316
5694
5695
390
143
144
3056
8113
5698
5699
2661
6578
2439
8493
403
207
4099
3381
6912
7265
884
436
3190
5519
8334
5743
5744
6905
5151
5232
4878
2210
5116
9100
6803
1557
8001
5772
3192
2704
3818
66
126
4941
8790
8866
5782
5783
2093
560
6689
1383
762
963
6636
4603
7430
2485
973
7327
5461
2251
4371
249
8150
8607
5863
5864
4435
5304
7581
5880
6137
5049
2281
2336
3040
1172
7078
7725
716
8078
5105
5143
1327
2471
220
5518
665
8276
8275
4842
206
6208
6209
4528
8818
6373
6374
1975
1720
3282
454
3738
272
3269
5688
6033
1779
7062
6497
6498
6695
7466
9079
517
3560
659
5336
7578
6684
6685
9014
7580
4715
6719
6720
4273
5226
3949
1352
8279
8258
8517
2368
3201
2882
6973
6974
2310
6113
7636
7033
2415
1535
1013
5755
4059
74
8569
7817
7021
7022
7023
7024
7011
7058
7059
6845
1450
8853
7275
182
3886
175
1578
5486
760
3145
3580
408
3787
114
5849
2174
106
12
7113
7283
2468
5940
8415
6316
8071
9132
1457
1113
640
6117
7115
7116
280
3939
8207
7143
7144
462
2878
353
4687
743
3231
3486
4545
4284
5726
4907
7994
534
2940
7199
7200
9127
8561
6650
87
5301
5277
1293
4144
4234
8654
246
7832
2826
7201
7202
7995
9114
6668
7570
5728
46
3197
8862
1250
5074
7780
8871
6329
7493
7494
7856
4560
3682
7545
2020
5818
1399
832
6802
5727
5939
345
4585
5904
4771
235
1526
9015
4935
6837
16
4768
7417
5713
23
2647
757
2036
978
7395
553
3410
7960
7447
2216
230
2220
116
96
7615
4531
602
7879
8317
4873
6810
2892
1213
5681
528
79
1441
4799
7698
1187
4977
391
4793
4120
5
657
411
9140
2278
2028
5737
351
4705
5060
2445
7376
7188
8268
7602
1714
238
5425
7561
7562
1052
1408
4
3404
338
6166
5808
7053
4140
5290
8345
4815
5306
4875
194
7504
8414
1726
5051
151
1914
1480
781
3382
8908
7122
8459
4238
382
6583
2097
9078
8043
3878
5422
3660
7671
2425
6733
759
835
9000
8296
7274
3283
1107
2293
6309
9076
4637
3784
5527
9053
4296
4037
6215
4112
271
8437
19
3046
7169
8297
4077
7672
7673
5669
60
1479
3801
1261
5890
1857
2276
895
3443
2031
2817
2298
1432
573
8443
6938
4716
3612
7047
8684
4369
2509
18
2088
2557
7473
2413
274
9022
1456
21
4944
7682
7683
3618
3619
7782
7783
8398
1915
7890
7891
7920
7921
7999
8000
8831
8059
8060
8091
8092
2092
3375
88
2038
4740
754
2284
5836
8363
5514
3691
4054
4233
7550
8775
1611
8016
435
5833
3542
146
5439
283
2108
109
8093
8094
1391
334
1478
6418
1895
8117
8118
1834
5683
8135
8136
4524
6066
7231
3329
3047
5701
4758
8349
3763
4767
8859
771
3512
3704
1339
5410
3785
8383
3768
9109
7012
8281
1202
9054
8245
4574
5080
4136
8147
8148
6941
6940
8156
8157
1155
3303
4556
8855
3945
8287
2655
5622
3314
2311
8176
8177
8131
7148
5900
1491
8303
8304
5437
3647
8976
1506
2116
4877
4468
1520
1461
76
5345
5784
305
1517
4322
5491
231
1959
2277
5850
3608
9115
8360
8361
324
6613
1721
299
8488
474
4276
410
1481
8368
8369
8421
8422
2512
8316
625
179
9116
8525
8526
8539
8540
7700
5892
1443
6942
8565
8566
7990
8811
8812
8130
6463
8319
8805
6549
6544
2219
359
9121
5013
102
161
5896
8512
8511
9123
1433
5919
6831
5773
3480
3806
2928
123
7
6105
7008
4239
6423
3779
5296
3059
8683
4620
6389
3257
1762
2179
900
6077
3
7381
8820
8821
734
6021
643
8808
7601
1203
8458
7378
8534
1445
7584
7319
2451
6
3095
4209
7827
816
413
5056
8073
132
7546
7273
3238
5076
6216
8005
8974
7160
8925
7198
8844
8845
6729
8983
1422
8140
5867
2968
8444
5893
8762
7170
7710
8203
5084
7785
4979
1357
2668
5883
2111
1416
6310
2365
946
8846
8847
1208
3557
8971
8972
3168
8980
8981
5193
8084
5905
6203
6627
9010
9011
5930
6333
8396
5650
5349
8154
7583
3574
8570
1970
44
7611
9027
9028
1110
955
3767
3534
9030
9031
2575
3674
4821
428
5192
221
3824
3163
1440
4253
5848
6971
2160
5171
6160
6161
9036
9037
9112
9113
41
5041
1412
5770
9129
9130
3905
1101
7168
3614
3320
8339
9138
9139
1128
6470
1419
753
378
6512
6075
3164
7035
5993
3879
6946
8872
4529
1501
5521
31
1447
780
5207
5189
8558
8373
6939
3572
1228
6090
7586
6937
1152
7204
405
954
9119
3174
418
5188
5091
4553
5090
4929
152
7082
2299
6817
4928
4916
7276
7852
8810
4512
4511
1108
6752
8789
188
8714
5903
323
6832
6833
2870
3578
8498
7610
7219
6897
840
6830
7974
6688
4044
6686
8247
8114
1042
1076
8952
5357
5279
555
8401
6792
1385
1387
8054
3229
916
5335
4255
3931
1086
4530
3928
3927
9126
6725
1476
7055
5504
523
7557
1965
8506
893
6345
387
6396
8611
8837
6039
7481
3212
4782
726
2364
278
5674
6966
2362
8998
2124
9094
5942
6760
1525
7784
7547
2705
7509
5075
4555
7016
3378
1654
7666
7912
4142
6219
4160
1201
3907
3884
1212
1210
8575
316
3646
3883
3827
626
627
632
273
5508
197
6104
5067
5068
3605
1769
1256
6464
6505
5092
5471
8439
4241
6658
7663
4314
3538
3539
6609
5475
4796
1423
7693
5897
6138
8249
1518
95
7627
7061
7508
7631
3771
3762
817
6305
3607
7109
7361
1655
3235
379
3753
3752
1926
7091
3747
3746
3568
549
1124
1761
93
6400
7507
952
8562
3702
3611
917
5994
8819
1444
2447
6987
5649
7604
3610
3550
7674
5240
2258
164
6042
3549
3488
7513
8804
3172
4036
8391
6991
5159
796
3467
3466
199
5205
5512
9050
6858
7937
6097
4358
7732
1045
314
6298
6753
2713
6217
1566
6706
3215
3214
6950
2809
417
6615
7108
5916
7569
4792
7660
5045
1417
8841
6477
5079
6730
8351
7503
869
8105
5164
6541
2208
5631
6223
6591
20
7217
7515
9081
1524
4946
7262
5447
5398
3109
3108
8765
6506
2911
2901
3723
6736
80
2900
2833
4404
5509
5127
4055
8299
2601
808
3107
4950
8773
2702
2449
39
7804
8032
3196
8306
679
697
2342
5404
9009
5380
6014
6783
8420
4400
7243
5910
7044
6089
1908
4312
2444
2443
8588
5191
9080
1290
6300
6393
6660
3129
425
644
1161
3200
5163
9040
5397
5112
6869
1596
7731
6398
6399
2273
5505
5214
7414
3474
37
8637
7953
3639
5472
3662
9035
7909
4418
5823
956
5915
1701
4712
5167
8277
5857
2352
2351
6943
59
6592
1500
4628
2125
1666
8553
7582
368
6472
8145
6467
6301
3642
3559
8728
3468
6347
3829
1713
3523
1542
6754
4493
7564
2695
5206
5920
4321
415
6951
1634
1453
91
1789
1768
6126
1245
1244
7821
6604
6517
488
1158
1157
2854
7860
7527
115
6364
2312
5204
6593
7084
1138
302
163
162
4199
159
158
3062
7715
7110
7756
3866
7031
5716
6057
160
799
6610
8913
6598
5714
105
104
8144
369
7788
8029
2887
1285
7614
2347
2961
1
0
824

Time = 194648
Cost = 2947.36391
