1600 1799 9141
2 3375 5772 
1 88 
1 2038 
1 4740 
1 754 
1 2284 
1 5836 
1 8363 
1 5514 
1 3691 
1 4054 
1 4233 
1 7550 
1 8775 
1 1611 
1 8016 
1 435 
1 5833 
1 3542 
9 79 146 299 625 626 627 632 679 697 
1 5439 
1 283 
1 2108 
1 109 
1 8093 
1 8094 
1 1391 
2 334 378 
1 1478 
1 6418 
2 1895 5610 
1 8117 
1 8118 
1 1834 
1 5683 
1 8135 
1 8136 
1 4524 
1 6066 
2 4253 7231 
1 3329 
1 3047 
2 5701 5703 
1 4758 
1 8349 
1 3763 
1 4767 
1 8859 
1 771 
1 3512 
2 3704 5674 
1 1339 
1 5410 
2 3785 3787 
1 8383 
2 95 3768 
1 9109 
1 7012 
1 8281 
1 1202 
1 9054 
3 8245 8246 8248 
1 4574 
1 5080 
1 4136 
1 8147 
1 8148 
2 6941 6943 
1 6940 
1 8156 
1 8157 
1 1155 
1 3303 
7 39 316 840 1433 3608 3647 4556 
1 8855 
1 3945 
1 8287 
1 2655 
1 5622 
1 3314 
3 2311 7414 7417 
1 8176 
1 8177 
1 8131 
1 7148 
1 5900 
4 413 1491 3660 5900 
1 8303 
1 8304 
1 5437 
7 39 316 840 1433 3608 3647 4556 
1 8976 
1 1506 
1 2116 
1 4877 
2 4468 4470 
1 1520 
1 1461 
1 76 
1 5345 
1 5784 
1 305 
1 1517 
1 4322 
1 5491 
1 231 
1 1959 
1 2277 
1 5850 
6 39 316 840 1433 3608 3647 
1 9115 
1 8360 
1 8361 
1 324 
2 6613 7008 
1 1721 
2 79 299 
1 8488 
1 474 
1 4276 
1 410 
2 1383 1481 
1 8368 
1 8369 
1 8421 
1 8422 
1 2512 
1 8316 
2 79 625 
1 179 
1 9116 
1 8525 
1 8526 
1 8539 
1 8540 
1 7700 
1 5892 
1 1443 
1 6942 
1 8565 
1 8566 
1 7990 
1 8811 
1 8812 
1 8130 
1 6463 
1 8319 
1 8805 
1 6549 
1 6544 
1 2219 
1 359 
1 9121 
2 5013 6610 
2 102 103 
1 161 
1 5896 
1 8512 
1 8511 
1 9123 
5 39 316 840 1433 3608 
1 5919 
1 6831 
1 5773 
1 3480 
4 3806 3807 4916 4918 
1 2928 
1 123 
1 7 
1 6105 
3 6613 7008 7009 
1 4239 
1 6423 
1 3779 
2 3320 5296 
1 3059 
2 1201 8683 
1 4620 
1 6389 
1 3257 
1 1762 
1 2179 
1 900 
2 6075 6077 
1 3 
1 7381 
1 8820 
1 8821 
1 734 
1 6021 
1 643 
1 8808 
1 7601 
5 1203 5447 5453 5455 5467 
1 8458 
2 3605 7378 
1 8534 
1 1445 
2 7319 7584 
3 7319 7584 8071 
