200 399 9141
1 542 
1 2996 
1 2376 
1 2505 
1 8194 
1 3193 
1 6582 
2 3233 3432 
4 5313 5314 6359 6362 
1 4278 
1 3797 
1 2388 
1 4141 
2 4690 4693 
1 2559 
2 3233 3432 
1 6619 
1 5725 
1 7702 
1 2081 
1 2885 
1 537 
1 325 
3 2085 7097 7099 
1 257 
2 8622 8624 
1 3360 
1 3323 
1 7902 
1 2539 
1 518 
2 5519 5520 
5 576 5399 5400 5401 7134 
4 7706 7707 7708 7709 
1 5361 
1 2646 
1 1680 
1 4480 
1 7132 
1 574 
1 4558 
1 4167 
1 6321 
1 4309 
1 907 
1 1047 
1 1315 
4 133 134 1243 7230 
2 1504 1510 
5 576 5399 5400 5401 7134 
1 9048 
1 4882 
2 4690 4693 
1 141 
2 4603 6866 
1 653 
6 2433 2466 3453 7458 7459 7651 
1 590 
2 35 551 
1 3400 
1 787 
1 1998 
1 55 
1 8510 
1 2513 
1 1446 
2 539 4831 
1 559 
1 7551 
1 8744 
5 576 5399 5400 5401 7134 
1 54 
1 7857 
2 3906 3907 
1 1502 
1 965 
2 1677 1686 
1 6110 
1 1773 
2 4468 4470 
2 1677 1686 
1 2221 
3 2085 7097 7099 
3 2085 7097 7099 
1 3599 
1 1553 
1 167 
1 794 
1 507 
1 2087 
1 3518 
1 4702 
1 7138 
1 4462 
1 2423 
1 8985 
1 2978 
1 5764 
1 5962 
1 9093 
1 2562 
1 8309 
2 6851 6852 
1 5795 
1 4279 
1 3742 
1 9102 
1 6391 
1 9060 
1 4247 
1 735 
1 4270 
1 1229 
1 404 
1 214 
2 1522 3069 
3 1522 3069 3070 
6 2433 2466 3453 7458 7459 7651 
1 2514 
1 3028 
1 4584 
1 5613 
1 4265 
1 209 
1 239 
2 5070 5933 
1 8986 
1 3459 
1 2717 
1 244 
3 2515 4008 4342 
1 7961 
1 1029 
1 6983 
1 5197 
1 5802 
3 1774 7475 7556 
1 3266 
1 5723 
1 9097 
1 8987 
1 8769 
1 5797 
1 4880 
1 2181 
3 7017 7018 8744 
4 133 134 1243 7230 
3 2515 4008 4342 
1 279 
1 2187 
1 6011 
1 4817 
1 422 
1 668 
1 3519 
1 3757 
1 2656 
2 3958 4102 
2 7130 7430 
1 5260 
3 812 3195 5794 
1 5936 
3 812 3195 5794 
1 4227 
2 2603 4980 
2 2603 4980 
1 919 
1 4477 
1 2182 
1 7790 
1 833 
1 8988 
1 8364 
1 5114 
1 1062 
2 539 4831 
1 4695 
1 5221 
1 8359 
2 2492 6590 
2 118 3258 
2 1801 1804 
1 5763 
1 4437 
1 48 
1 509 
3 1774 7475 7556 
1 2810 
1 3758 
1 591 
4 3604 5353 6533 8169 
4 3604 5353 6533 8169 
1 6390 
1 4700 
1 285 
1 9092 
1 9091 
1 4699 
2 2650 4035 
2 2370 3750 
