2390
9141
1 1503 
1 5310 
1 5014 
1 4271 
1 865 
1 2366 
1 3792 
1 3791 
1 584 
1 101 
1 2029 
1 3690 
1 511 
1 2184 
1 3379 
1 1515 
1 4836 
1 4086 
1 3515 
1 131 
1 4698 
1 601 
1 333 
1 331 
1 1608 
1 490 
1 3431 
1 5392 
1 2018 
1 6809 
1 5516 
1 5767 
1 4439 
1 593 
1 3636 
1 1277 
1 618 
1 4433 
1 792 
1 1508 
1 8530 
1 6580 
1 914 
1 752 
1 5798 
1 2363 
1 326 
1 3632 
1 3633 
1 610 
1 2486 
1 2816 
1 6318 
1 8146 
1 2086 
1 6326 
1 2082 
1 732 
1 8531 
1 327 
1 328 
1 1756 
1 3210 
1 342 
1 666 
1 2279 
1 5923 
1 4449 
1 7418 
1 332 
1 2775 
1 4761 
1 3532 
1 6586 
1 2861 
1 202 
1 4790 
1 722 
2 508 4272 
1 2473 
1 988 
1 1044 
1 4689 
1 2977 
1 1556 
1 3425 
1 514 
1 330 
1 145 
1 5924 
1 2482 
1 2022 
1 5095 
1 5800 
1 5834 
1 3696 
1 3415 
1 1683 
1 654 
1 595 
2 1551 1559 
1 4582 
1 1505 
1 4688 
1 3786 
2 508 4272 
1 7705 
1 975 
1 4682 
1 2154 
6 2433 2466 3453 7458 7459 7651 
6 2433 2466 3453 7458 7459 7651 
1 4718 
1 3790 
1 504 
4 5313 5314 6359 6362 
1 977 
1 3635 
1 7553 
1 4887 
1 6361 
1 604 
1 7095 
1 1682 
1 4490 
1 8571 
1 8572 
1 4320 
1 4447 
1 1333 
1 1612 
2 733 5309 
1 1507 
1 8665 
1 2929 
1 1692 
1 3564 
1 4984 
1 8529 
1 5793 
2 516 5339 
1 5946 
1 181 
1 228 
1 3796 
1 2214 
1 4624 
1 329 
1 2016 
1 7482 
1 8528 
1 8664 
4 2414 3271 3272 5232 
4 2414 3271 3272 5232 
1 128 
1 266 
1 1487 
1 4454 
1 7338 
1 296 
1 52 
1 6062 
1 135 
2 733 5309 
1 4436 
1 8550 
1 3253 
1 2006 
1 5817 
1 3971 
1 6982 
1 3634 
1 3793 
1 4686 
2 3414 4697 
2 3414 4697 
1 4769 
1 1442 
1 8656 
1 8323 
1 4431 
1 7855 
1 7662 
1 6811 
1 6928 
1 2825 
1 6984 
1 3516 
1 9002 
1 6995 
3 2515 4008 4342 
4 1504 1510 6581 7482 
4 133 134 1243 7230 
1 663 
1 6320 
1 1269 
1 4881 
1 2301 
4 1504 1510 6581 7482 
1 11 
1 542 
1 2996 
1 2376 
1 2505 
1 8194 
1 3193 
1 6582 
2 3233 3432 
4 5313 5314 6359 6362 
1 4278 
1 3797 
1 2388 
1 4141 
2 4690 4693 
1 2559 
2 3233 3432 
1 6619 
1 5725 
1 7702 
1 2081 
1 2885 
1 537 
1 325 
3 2085 7097 7099 
1 257 
2 8622 8624 
1 3360 
1 3323 
1 7902 
1 2539 
1 518 
2 5519 5520 
5 576 5399 5400 5401 7134 
4 7706 7707 7708 7709 
1 5361 
1 2646 
1 1680 
1 4480 
1 7132 
1 574 
1 4558 
1 4167 
1 6321 
1 4309 
1 907 
1 1047 
1 1315 
4 133 134 1243 7230 
2 1504 1510 
5 576 5399 5400 5401 7134 
1 9048 
1 4882 
2 4690 4693 
1 141 
2 4603 6866 
1 653 
6 2433 2466 3453 7458 7459 7651 
1 590 
2 35 551 
1 3400 
1 787 
1 1998 
1 55 
1 8510 
1 2513 
1 1446 
2 539 4831 
1 559 
1 7551 
1 8744 
5 576 5399 5400 5401 7134 
1 54 
1 7857 
2 3906 3907 
1 1502 
1 965 
2 1677 1686 
1 6110 
1 1773 
2 4468 4470 
2 1677 1686 
1 2221 
3 2085 7097 7099 
3 2085 7097 7099 
1 3599 
1 1553 
1 167 
1 794 
1 507 
1 2087 
1 3518 
1 4702 
1 7138 
1 4462 
1 2423 
1 8985 
1 2978 
1 5764 
1 5962 
1 9093 
1 2562 
1 8309 
2 6851 6852 
1 5795 
1 4279 
1 3742 
1 9102 
1 6391 
1 9060 
1 4247 
1 735 
1 4270 
1 1229 
1 404 
1 214 
2 1522 3069 
3 1522 3069 3070 
6 2433 2466 3453 7458 7459 7651 
1 2514 
1 3028 
1 4584 
1 5613 
1 4265 
1 209 
1 239 
2 5070 5933 
1 8986 
1 3459 
1 2717 
1 244 
3 2515 4008 4342 
1 7961 
1 1029 
1 6983 
1 5197 
1 5802 
3 1774 7475 7556 
1 3266 
1 5723 
1 9097 
1 8987 
1 8769 
1 5797 
1 4880 
1 2181 
3 7017 7018 8744 
4 133 134 1243 7230 
3 2515 4008 4342 
1 279 
1 2187 
1 6011 
1 4817 
1 422 
1 668 
1 3519 
1 3757 
1 2656 
2 3958 4102 
2 7130 7430 
1 5260 
3 812 3195 5794 
1 5936 
3 812 3195 5794 
1 4227 
2 2603 4980 
2 2603 4980 
1 919 
1 4477 
1 2182 
1 7790 
1 833 
1 8988 
1 8364 
1 5114 
1 1062 
2 539 4831 
1 4695 
1 5221 
1 8359 
2 2492 6590 
2 118 3258 
2 1801 1804 
1 5763 
1 4437 
1 48 
1 509 
3 1774 7475 7556 
1 2810 
1 3758 
1 591 
4 3604 5353 6533 8169 
4 3604 5353 6533 8169 
1 6390 
1 4700 
1 285 
1 9092 
1 9091 
1 4699 
2 2650 4035 
2 2370 3750 
1 4536 
1 49 
1 6732 
1 990 
1 406 
1 641 
1 727 
1 9085 
1 9068 
1 4694 
1 3359 
1 596 
1 7517 
1 8854 
1 9122 
1 4315 
5 576 5399 5400 5401 7134 
1 2476 
1 745 
1 1903 
1 1192 
1 3152 
1 5686 
1 1164 
1 8090 
1 2645 
1 7577 
1 3554 
1 384 
1 3452 
1 2987 
1 5418 
1 281 
1 5796 
1 592 
1 5111 
1 352 
1 613 
2 516 5339 
1 8393 
1 9046 
1 9038 
3 949 950 8123 
1 947 
1 2264 
2 7096 7100 
2 2370 3750 
1 7530 
1 1178 
1 804 
1 1684 
1 1561 
1 225 
1 3412 
1 3049 
1 3683 
1 8568 
1 7279 
2 2994 2995 
1 7612 
1 5085 
1 33 
1 47 
1 3885 
2 5313 5314 
1 5250 
1 1568 
1 4467 
1 8788 
8 1208 1209 1210 1212 1213 1214 7569 7580 
1 2708 
1 9133 
1 985 
1 3165 
1 8992 
1 8905 
1 6708 
2 6733 6734 
1 8002 
1 5058 
1 1552 
1 7098 
1 8358 
1 5656 
1 556 
2 6401 9026 
2 6401 9026 
1 1054 
1 1147 
1 809 
1 1597 
1 3230 
1 5719 
3 3699 5542 8263 
1 2565 
2 45 65 
2 8622 8624 
1 2193 
1 588 
2 120 122 
1 1531 
1 1688 
1 802 
2 6851 6852 
2 2994 2995 
4 7706 7707 7708 7709 
1 7102 
1 2750 
2 6401 8701 
1 661 
1 4691 
3 1437 4453 7400 
1 2897 
4 5313 5314 6359 6362 
4 3604 5353 6533 8169 
1 7500 
1 154 
1 9021 
1 310 
1 8682 
1 270 
1 1906 
1 2392 
4 3604 5353 6533 8169 
1 8764 
1 8680 
1 888 
2 2803 2804 
1 974 
1 1207 
1 7278 
2 6401 8586 
2 6401 8449 
1 350 
1 2856 
1 669 
1 2083 
2 3788 3795 
1 531 
1 7900 
1 4899 
1 1175 
1 764 
2 6057 7735 
1 6481 
1 4710 
1 1667 
2 6905 8496 
1 9039 
1 793 
1 1514 
1 8861 
1 8851 
1 8348 
7 3738 3739 5243 5244 5245 5248 5249 
1 4765 
2 3788 3795 
1 255 
1 739 
1 6111 
1 191 
1 119 
1 2537 
1 3368 
1 3794 
3 1774 7475 7556 
1 1051 
1 3247 
1 4048 
3 1437 4453 7400 
1 1812 
1 5184 
1 3974 
1 34 
1 367 
1 26 
1 723 
1 5922 
1 1656 
1 8308 
2 6401 8448 
2 2492 6590 
3 812 3195 5794 
1 1232 
1 4893 
1 1676 
1 2875 
1 2873 
1 501 
1 1154 
1 9049 
1 2253 
1 1323 
1 5623 
1 1258 
1 240 
1 217 
1 298 
1 308 
1 3460 
1 3166 
1 915 
3 3699 5542 8263 
1 6012 
1 8298 
1 852 
1 15 
1 1672 
1 319 
1 5524 
1 2322 
1 849 
1 4696 
1 8438 
1 2544 
1 7589 
4 2414 3271 3272 5232 
2 45 65 
1 3290 
1 1747 
1 8651 
1 8650 
2 6401 8230 
2 6401 8192 
2 6401 8033 
2 5070 5933 
1 898 
1 8179 
4 3580 7725 8185 8760 
3 5217 5218 5220 
1 92 
1 8633 
1 8486 
1 1008 
1 788 
1 3203 
2 1895 5610 
1 3737 
1 261 
1 8217 
1 8165 
1 4576 
1 1318 
1 8307 
2 3806 3807 
1 6197 
1 3363 
1 3076 
1 36 
1 2564 
3 1437 4453 7400 
1 1174 
1 6068 
1 125 
1 5219 
1 8729 
1 8499 
1 1674 
1 1429 
1 8321 
1 9061 
1 2880 
1 127 
1 3045 
2 120 122 
1 2191 
1 1851 
1 242 
1 7638 
1 6094 
1 1265 
1 7293 
1 7411 
2 6123 6124 
6 3382 3963 4371 5064 5885 7225 
2 9070 9133 
1 660 
1 236 
1 8010 
1 3915 
1 3493 
3 5217 5218 5220 
2 7458 7459 
1 6109 
1 1521 
1 248 
1 6930 
4 5727 5728 8864 8865 
1 5235 
1 598 
1 25 
1 1179 
1 360 
1 6054 
1 2 
1 172 
2 7096 7100 
1 1905 
1 5354 
1 2057 
2 6123 6124 
1 5043 
1 250 
1 1303 
2 3749 8471 
1 4186 
1 1185 
4 5727 5728 8864 8865 
1 5190 
6 1208 1209 1210 1212 1213 1214 
1 461 
1 612 
2 118 3258 
1 8456 
1 8427 
1 3789 
1 8320 
1 875 
2 133 134 
1 2395 
1 4527 
1 763 
1 97 
1 1519 
2 1115 8792 
1 5881 
1 9106 
1 5069 
1 7514 
1 770 
1 7650 
1 8143 
1 8584 
1 8388 
1 8387 
1 6353 
1 2938 
1 6468 
1 552 
1 223 
1 2844 
1 1862 
1 4269 
1 8702 
1 8552 
6 3382 3963 4371 5064 5885 7225 
6 3382 3963 4371 5064 5885 7225 
2 98 1327 
1 5246 
1 253 
1 297 
1 8142 
1 8141 
1 3397 
1 111 
1 4483 
1 2155 
1 5803 
1 3268 
1 7542 
3 949 950 8123 
3 949 950 8123 
1 437 
1 6531 
1 720 
1 761 
1 1233 
1 730 
1 2672 
1 438 
1 1772 
1 2884 
1 3250 
2 3749 8471 
4 3580 7725 8185 8760 
1 117 
2 1115 8792 
1 1116 
1 7619 
1 4329 
7 3738 3739 5243 5244 5245 5248 5249 
1 5835 
1 1771 
1 8051 
1 8037 
1 5247 
7 3738 3739 5243 5244 5245 5248 5249 
1 2435 
1 550 
1 1781 
4 7706 7707 7708 7709 
1 8501 
1 3629 
1 227 
1 611 
1 8378 
1 8372 
1 1426 
1 7485 
1 43 
1 168 
3 6696 7544 7677 
1 5736 
1 696 
1 2056 
2 8966 8967 
1 958 
1 315 
1 8011 
6 2433 2466 3453 7458 7459 7651 
1 2203 
1 582 
1 153 
1 372 
1 5914 
2 4382 4383 
1 6424 
1 8274 
1 8273 
2 2369 4910 
1 2841 
1 3416 
1 1673 
1 8835 
1 8836 
1 8352 
1 57 
1 2924 
1 1919 
1 2325 
1 7993 
1 8500 
1 312 
3 2185 2186 2188 
1 7101 
1 4986 
2 5060 5468 
1 8852 
1 6224 
1 2475 
1 72 
1 77 
2 35 551 
2 4382 4383 
1 7745 
5 576 5399 5400 5401 7134 
1 1145 
1 8371 
1 8362 
3 2256 3852 4952 
1 8567 
2 4842 7711 
1 935 
1 634 
1 4245 
1 8129 
1 8116 
3 316 6050 6306 
1 142 
1 245 
1 8241 
1 2076 
1 4774 
1 2478 
1 736 
1 600 
1 1298 
3 6696 7544 7677 
1 7090 
1 241 
4 1898 2275 2276 2278 
1 1894 
1 3411 
3 6696 7544 7677 
1 6108 
1 3413 
1 1618 
1 2023 
7 3738 3739 5243 5244 5245 5248 5249 
1 252 
1 8910 
1 569 
1 4277 
1 7743 
1 8269 
1 3001 
16 1914 2826 2882 3201 3282 3381 4099 5598 6050 6131 6372 6707 6857 7029 7363 7658 
11 6937 6939 7035 7168 7170 7198 7273 7275 7472 7637 7696 
1 5959 
1 831 
1 8621 
1 1014 
1 583 
1 1539 
1 8870 
2 2650 4035 
1 10 
1 7831 
1 1833 
1 17 
1 1766 
1 1770 
1 3295 
1 6027 
1 1663 
1 7736 
3 2256 3852 4952 
1 4063 
1 2658 
1 1026 
1 8191 
1 4319 
1 1166 
1 7927 
1 7880 
1 1681 
4 3963 4371 5064 7225 
2 5655 5804 
4 3806 3807 4916 4918 
1 5038 
1 2813 
1 2561 
1 389 
1 2236 
1 4985 
1 8190 
1 4569 
1 5063 
3 2256 3852 4952 
1 3566 
3 5217 5218 5220 
19 1478 1479 1480 1914 2826 2882 3201 3282 3381 4099 5598 6050 6131 6372 6707 6857 7029 7363 7658 
1 2348 
1 4605 
1 1156 
1 22 
1 30 
1 1664 
1 282 
1 4432 
1 277 
1 4789 
1 67 
1 1558 
1 7767 
18 5188 5189 5207 5208 6121 6199 6539 6680 6681 6770 6902 6980 7244 7248 7353 7358 7443 7692 
1 769 
2 7283 7284 
1 9067 
1 335 
1 362 
18 1478 1479 1480 1914 2826 2882 3201 3282 3381 4099 5598 6050 6131 6372 6707 6857 7029 7363 
17 1478 1479 1480 1914 2826 2882 3201 3282 3381 4099 5598 6050 6131 6372 6707 6857 7029 
1 9131 
1 8620 
1 1609 
18 5188 5189 5207 5208 6121 6199 6539 6680 6681 6770 6902 6980 7244 7248 7353 7358 7443 7692 
17 5188 5189 5207 5208 6121 6199 6539 6680 6681 6770 6902 6980 7244 7248 7353 7358 7443 
1 3037 
1 2553 
1 2673 
11 6937 6939 7035 7168 7170 7198 7273 7275 7472 7637 7696 
1 8267 
1 5170 
1 2947 
1 8787 
1 3454 
1 341 
5 3129 3145 5607 6932 7442 
1 5517 
1 2418 
1 1643 
1 7224 
2 8563 8564 
1 4138 
1 1560 
1 3458 
1 5341 
5 2882 5655 5804 6390 9102 
1 1176 
1 3692 
1 477 
1 1143 
7 3738 3739 5243 5244 5245 5248 5249 
1 5017 
1 3422 
1 354 
1 8618 
1 519 
1 5654 
1 1240 
1 5144 
1 1583 
16 1478 1479 1480 1914 2826 2882 3201 3282 3381 4099 5598 6050 6131 6372 6707 6857 
16 5188 5189 5207 5208 6121 6199 6539 6680 6681 6770 6902 6980 7244 7248 7353 7358 
15 5188 5189 5207 5208 6121 6199 6539 6680 6681 6770 6902 6980 7244 7248 7353 
1 8768 
1 6898 
1 237 
1 744 
1 4701 
1 1912 
1 6584 
1 6614 
1 6761 
1 7518 
1 5529 
1 112 
1 2472 
1 394 
1 3014 
1 7625 
1 1304 
1 3388 
1 2065 
1 9020 
1 173 
1 8850 
1 8849 
1 8813 
1 8101 
2 6868 7896 
1 2302 
1 224 
1 7277 
1 2195 
14 1478 1479 1480 1914 2826 2882 3201 3282 3381 4099 5598 6050 6131 6372 
14 1478 1479 1480 1914 2826 2882 3201 3282 3381 4099 5598 6050 6131 6372 
2 6868 7896 
2 4878 4879 
1 3783 
2 3958 4102 
1 4139 
1 800 
1 307 
1 2394 
1 1767 
1 5501 
1 4552 
13 5188 5189 5207 5208 6121 6199 6539 6680 6681 6770 6902 6980 7244 
13 5188 5189 5207 5208 6121 6199 6539 6680 6681 6770 6902 6980 7244 
1 4583 
12 5188 5189 5207 5208 6121 6199 6539 6680 6681 6770 6902 6980 
11 5188 5189 5207 5208 6121 6199 6539 6680 6681 6770 6902 
1 9063 
1 4622 
1 972 
1 9 
1 1902 
1 7135 
2 1293 5875 
2 1292 4144 
1 201 
2 3534 8099 
1 177 
10 5188 5189 5207 5208 6121 6199 6539 6680 6681 6770 
9 5188 5189 5207 5208 6121 6199 6539 6680 6681 
1 5083 
1 5374 
1 1234 
1 4250 
1 2316 
1 482 
1 3498 
1 218 
3 3699 5542 8263 
1 478 
1 4722 
1 171 
1 5837 
1 7329 
2 8563 8564 
1 807 
1 7267 
1 5379 
1 4307 
1 267 
1 2659 
1 8573 
1 4434 
9 6937 6939 7035 7168 7170 7198 7273 7275 7472 
1 8295 
1 243 
8 5188 5189 5207 5208 6121 6199 6539 6680 
7 5188 5189 5207 5208 6121 6199 6539 
1 7360 
1 301 
1 5182 
4 1898 2275 2276 2278 
1 3055 
1 2102 
1 5812 
2 7217 7377 
1 548 
1 1921 
1 5308 
1 4237 
1 1885 
7 3738 3739 5243 5244 5245 5248 5249 
1 215 
1 1182 
1 9101 
1 124 
1 5627 
6 5188 5189 5207 5208 6121 6199 
5 5188 5189 5207 5208 6121 
1 3077 
1 1431 
1 4520 
1 933 
1 5735 
1 6929 
1 2161 
3 7017 7018 7316 
1 8655 
1 8280 
1 8305 
1 714 
1 3833 
2 7129 7428 
1 8 
1 6067 
1 6064 
1 6063 
1 4169 
13 1478 1479 1480 1914 2826 2882 3201 3282 3381 4099 5598 6050 6131 
12 1478 1479 1480 1914 2826 2882 3201 3282 3381 4099 5598 6050 
1 1204 
2 2369 4910 
1 6948 
1 388 
1 5315 
2 7129 7428 
1 392 
1 964 
1 1284 
1 7236 
1 5689 
1 8251 
1 4469 
1 959 
1 923 
1 1129 
26 3557 3612 4037 4296 5277 5301 5336 6033 6401 6689 6802 6803 7265 7485 7929 7930 8033 8192 8230 8352 8448 8449 8586 8701 8702 9026 
26 3557 3612 4037 4296 5277 5301 5336 6033 6401 6689 6802 6803 7265 7485 7929 7930 8033 8192 8230 8352 8448 8449 8586 8701 8702 9026 
1 213 
1 4889 
5 5188 5189 5207 5208 5209 
5 5188 5189 5207 5208 5210 
1 1217 
1 9065 
1 2034 
1 2404 
1 2916 
1 68 
1 4764 
1 9062 
1 662 
1 6222 
1 9077 
3 7017 7018 7316 
5 5188 5189 5207 5208 5694 
5 5188 5189 5207 5208 5695 
1 390 
1 143 
1 144 
1 3056 
1 8113 
5 5188 5189 5207 5208 5698 
5 5188 5189 5207 5208 5699 
1 2661 
1 6578 
1 2439 
1 8493 
1 403 
1 207 
11 1478 1479 1480 1914 2826 2882 3201 3282 3381 4099 5598 
10 1478 1479 1480 1914 2826 2882 3201 3282 3381 4099 
14 2968 3878 4369 6401 6802 6803 6868 6912 7265 7896 8352 8552 8701 8702 
7 2968 3878 4369 6401 6802 6912 7265 
3 884 5092 5112 
1 436 
1 3190 
2 5519 5520 
1 8334 
5 5188 5189 5207 5208 5743 
5 5188 5189 5207 5208 5744 
2 6905 8496 
1 5151 
4 2414 3271 3272 5232 
2 4878 4879 
1 2210 
1 5116 
1 9100 
3 3557 6803 6912 
1 1557 
1 8001 
2 3375 5772 
1 3192 
2 2704 3818 
2 2704 3818 
1 66 
1 126 
1 4941 
1 8790 
1 8866 
5 5188 5189 5207 5208 5782 
5 5188 5189 5207 5208 5783 
2 2092 2093 
1 560 
1 6689 
2 1383 1481 
1 762 
1 963 
1 6636 
2 4603 6866 
2 7130 7430 
1 2485 
1 973 
1 7327 
1 5461 
1 2251 
4 3963 4371 5064 7225 
1 249 
1 8150 
1 8607 
5 5188 5189 5207 5208 5863 
5 5188 5189 5207 5208 5864 
1 4435 
1 5304 
1 7581 
1 5880 
2 3560 6137 
1 5049 
2 2281 2336 
2 2281 2336 
1 3040 
1 1172 
1 7078 
5 3580 7466 7725 8185 8760 
1 716 
1 8078 
1 5105 
1 5143 
2 98 1327 
1 2471 
1 220 
1 5518 
1 665 
1 8276 
1 8275 
2 4842 7711 
1 206 
5 5188 5189 5207 5208 6208 
5 5188 5189 5207 5208 6209 
1 4528 
1 8818 
5 5188 5189 5207 5208 6373 
5 5188 5189 5207 5208 6374 
6 1086 1965 1970 1975 1978 1980 
1 1720 
8 1478 1479 1480 1914 2826 2882 3201 3282 
1 454 
7 3738 3739 5243 5244 5245 5248 5249 
1 272 
1 3269 
1 5688 
1 6033 
1 1779 
1 7062 
5 5188 5189 5207 5208 6497 
5 5188 5189 5207 5208 6498 
1 6695 
5 3580 7466 7725 8185 8760 
3 9076 9078 9079 
1 517 
2 3560 6137 
1 659 
26 3557 3612 4037 4296 5277 5301 5336 6033 6401 6689 6802 6803 7265 7485 7929 7930 8033 8192 8230 8352 8448 8449 8586 8701 8702 9026 
1 7578 
5 5188 5189 5207 5208 6684 
5 5188 5189 5207 5208 6685 
1 9014 
9 1208 1209 1210 1212 1213 1214 7569 7580 8787 
1 4715 
5 5188 5189 5207 5208 6719 
5 5188 5189 5207 5208 6720 
1 4273 
1 5226 
1 3949 
1 1352 
1 8279 
1 8258 
1 8517 
1 2368 
8 1478 1479 1480 1914 2826 2882 3201 3282 
7 1478 1479 1480 1914 2826 2882 3201 
5 5188 5189 5207 5208 6973 
5 5188 5189 5207 5208 6974 
1 2310 
1 6113 
2 7033 7636 
2 7033 7636 
1 2415 
1 1535 
1 1013 
1 5755 
1 4059 
1 74 
1 8569 
1 7817 
5 5188 5189 5207 5208 7021 
5 5188 5189 5207 5208 7022 
5 5188 5189 5207 5208 7023 
5 5188 5189 5207 5208 7024 
1 7011 
5 5188 5189 5207 5208 7058 
5 5188 5189 5207 5208 7059 
1 6845 
1 1450 
1 8853 
8 6937 6939 7035 7168 7170 7198 7273 7275 
1 182 
1 3886 
1 175 
1 1578 
1 5486 
1 760 
3 3129 3145 5607 
4 3580 7725 8185 8760 
1 408 
2 3785 3787 
1 114 
1 5849 
1 2174 
1 106 
1 12 
1 7113 
4 6733 6734 7283 7284 
1 2468 
2 5939 5940 
1 8415 
1 6316 
1 8071 
1 9132 
1 1457 
4 164 1113 1467 1468 
1 640 
1 6117 
5 5188 5189 5207 5208 7115 
5 5188 5189 5207 5208 7116 
1 280 
1 3939 
1 8207 
5 5188 5189 5207 5208 7143 
5 5188 5189 5207 5208 7144 
1 462 
1 2878 
1 353 
1 4687 
1 743 
1 3231 
1 3486 
1 4545 
1 4284 
1 5726 
1 4907 
1 7994 
1 534 
1 2940 
5 5188 5189 5207 5208 7199 
5 5188 5189 5207 5208 7200 
1 9127 
1 8561 
1 6650 
1 87 
2 3557 5301 
2 3557 5277 
2 1293 5875 
2 1292 4144 
1 4234 
1 8654 
1 246 
1 7832 
6 1478 1479 1480 1914 2826 2882 
5 5188 5189 5207 5208 7201 
5 5188 5189 5207 5208 7202 
1 7995 
1 9114 
1 6668 
1 7570 
2 5727 5728 
1 46 
1 3197 
1 8862 
1 1250 
1 5074 
2 5713 7780 
1 8871 
1 6329 
5 5188 5189 5207 5208 7493 
5 5188 5189 5207 5208 7494 
1 7856 
1 4560 
1 3682 
1 7545 
1 2020 
1 5818 
1 1399 
1 832 
5 2968 3878 4369 6401 6802 
4 5727 5728 8864 8865 
2 5939 5940 
1 345 
1 4585 
1 5904 
1 4771 
1 235 
1 1526 
1 9015 
1 4935 
1 6837 
1 16 
1 4768 
6 2311 7414 7417 7419 7423 8039 
2 5713 7780 
1 23 
1 2647 
1 757 
1 2036 
1 978 
1 7395 
1 553 
1 3410 
1 7960 
1 7447 
1 2216 
1 230 
1 2220 
1 116 
1 96 
1 7615 
1 4531 
1 602 
1 7879 
1 8317 
1 4873 
1 6810 
1 2892 
6 1208 1209 1210 1212 1213 1214 
1 5681 
1 528 
9 79 146 299 625 626 627 632 679 697 
1 1441 
1 4799 
1 7698 
1 1187 
1 4977 
1 391 
1 4793 
1 4120 
1 5 
1 657 
1 411 
1 9140 
3 2275 2276 2278 
1 2028 
1 5737 
1 351 
1 4705 
2 5060 5468 
1 2445 
1 7376 
1 7188 
1 8268 
1 7602 
1 1714 
1 238 
1 5425 
5 5188 5189 5207 5208 7561 
5 5188 5189 5207 5208 7562 
1 1052 
1 1408 
1 4 
1 3404 
1 338 
1 6166 
1 5808 
1 7053 
1 4140 
1 5290 
1 8345 
1 4815 
1 5306 
1 4875 
1 194 
4 413 1491 3660 7504 
1 8414 
1 1726 
1 5051 
1 151 
4 1478 1479 1480 1914 
4 1478 1479 1480 1914 
1 781 
6 3382 3963 4371 5064 5885 7225 
1 8908 
1 7122 
1 8459 
1 4238 
2 382 417 
1 6583 
1 2097 
3 9076 9078 9079 
1 8043 
23 2968 3557 3878 4037 4077 4369 5277 5336 6401 6802 6803 6868 6912 7265 7485 7896 8033 8352 8552 8620 8701 8702 9026 
1 5422 
4 413 1491 3660 7504 
4 413 1491 3660 7671 
1 2425 
4 6733 6734 7283 7284 
1 759 
1 835 
1 9000 
1 8296 
6 3608 3647 4556 6938 7169 7274 
1 3283 
1 1107 
1 2293 
1 6309 
3 9076 9078 9079 
1 4637 
1 3784 
1 5527 
1 9053 
10 3557 3612 4037 4296 5277 5301 5336 6033 6401 6689 
10 3557 3612 4037 4296 5277 5301 5336 6033 6401 6689 
1 6215 
1 4112 
1 271 
1 8437 
1 19 
1 3046 
6 3608 3647 4556 6938 7169 7274 
1 8297 
23 2968 3557 3878 4037 4077 4369 5277 5336 6401 6802 6803 6868 6912 7265 7485 7896 8033 8352 8552 8620 8701 8702 9026 
5 5188 5189 5207 5208 7672 
5 5188 5189 5207 5208 7673 
1 5669 
1 60 
3 1478 1479 1480 
1 3801 
1 1261 
1 5890 
1 1857 
3 2275 2276 2278 
1 895 
1 3443 
1 2031 
1 2817 
1 2298 
1 1432 
1 573 
1 8443 
5 3608 3647 4556 6938 7169 
1 4716 
26 3557 3612 4037 4296 5277 5301 5336 6033 6401 6689 6802 6803 7265 7485 7929 7930 8033 8192 8230 8352 8448 8449 8586 8701 8702 9026 
1 7047 
1 8684 
8 3878 4369 6802 6803 6868 7896 8701 8702 
1 2509 
1 18 
1 2088 
1 2557 
1 7473 
1 2413 
1 274 
1 9022 
1 1456 
1 21 
1 4944 
5 5188 5189 5207 5208 7682 
5 5188 5189 5207 5208 7683 
1 3618 
1 3619 
1 7782 
1 7783 
1 8398 
2 1915 4358 
1 7890 
1 7891 
1 7920 
1 7921 
1 7999 
1 8000 
1 8831 
1 8059 
1 8060 
1 8091 
1 8092 
2 2092 2093 
2 3375 5772 
1 88 
1 2038 
1 4740 
1 754 
1 2284 
1 5836 
1 8363 
1 5514 
1 3691 
1 4054 
1 4233 
1 7550 
1 8775 
1 1611 
1 8016 
1 435 
1 5833 
1 3542 
9 79 146 299 625 626 627 632 679 697 
1 5439 
1 283 
1 2108 
1 109 
1 8093 
1 8094 
1 1391 
2 334 378 
1 1478 
1 6418 
2 1895 5610 
1 8117 
1 8118 
1 1834 
1 5683 
1 8135 
1 8136 
1 4524 
1 6066 
2 4253 7231 
1 3329 
1 3047 
2 5701 5703 
1 4758 
1 8349 
1 3763 
1 4767 
1 8859 
1 771 
1 3512 
2 3704 5674 
1 1339 
1 5410 
2 3785 3787 
1 8383 
2 95 3768 
1 9109 
1 7012 
1 8281 
1 1202 
1 9054 
3 8245 8246 8248 
1 4574 
1 5080 
1 4136 
1 8147 
1 8148 
2 6941 6943 
1 6940 
1 8156 
1 8157 
1 1155 
1 3303 
7 39 316 840 1433 3608 3647 4556 
1 8855 
1 3945 
1 8287 
1 2655 
1 5622 
1 3314 
3 2311 7414 7417 
1 8176 
1 8177 
1 8131 
1 7148 
1 5900 
4 413 1491 3660 5900 
1 8303 
1 8304 
1 5437 
7 39 316 840 1433 3608 3647 4556 
1 8976 
1 1506 
1 2116 
1 4877 
2 4468 4470 
1 1520 
1 1461 
1 76 
1 5345 
1 5784 
1 305 
1 1517 
1 4322 
1 5491 
1 231 
1 1959 
1 2277 
1 5850 
6 39 316 840 1433 3608 3647 
1 9115 
1 8360 
1 8361 
1 324 
2 6613 7008 
1 1721 
2 79 299 
1 8488 
1 474 
1 4276 
1 410 
2 1383 1481 
1 8368 
1 8369 
1 8421 
1 8422 
1 2512 
1 8316 
2 79 625 
1 179 
1 9116 
1 8525 
1 8526 
1 8539 
1 8540 
1 7700 
1 5892 
1 1443 
1 6942 
1 8565 
1 8566 
1 7990 
1 8811 
1 8812 
1 8130 
1 6463 
1 8319 
1 8805 
1 6549 
1 6544 
1 2219 
1 359 
1 9121 
2 5013 6610 
2 102 103 
1 161 
1 5896 
1 8512 
1 8511 
1 9123 
5 39 316 840 1433 3608 
1 5919 
1 6831 
1 5773 
1 3480 
4 3806 3807 4916 4918 
1 2928 
1 123 
1 7 
1 6105 
3 6613 7008 7009 
1 4239 
1 6423 
1 3779 
2 3320 5296 
1 3059 
2 1201 8683 
1 4620 
1 6389 
1 3257 
1 1762 
1 2179 
1 900 
2 6075 6077 
1 3 
1 7381 
1 8820 
1 8821 
1 734 
1 6021 
1 643 
1 8808 
1 7601 
5 1203 5447 5453 5455 5467 
1 8458 
2 3605 7378 
1 8534 
1 1445 
2 7319 7584 
3 7319 7584 8071 
5 2451 2668 4142 4160 4199 
1 6 
2 3095 5918 
1 4209 
1 7827 
1 816 
4 413 1491 3660 5900 
1 5056 
1 8073 
1 132 
1 7546 
18 59 956 3196 3607 3646 4555 5335 5357 6830 6937 6939 7035 7168 7170 7198 7273 7275 7472 
1 3238 
1 5076 
1 6216 
1 8005 
1 8974 
1 7160 
1 8925 
20 59 956 3196 3607 3646 4555 5335 5357 6830 6937 6939 7035 7168 7170 7198 7273 7275 7472 7637 7696 
1 8844 
1 8845 
1 6729 
1 8983 
1 1422 
1 8140 
1 5867 
2 2968 3878 
1 8444 
1 5893 
1 8762 
18 59 956 3196 3607 3646 4555 5335 5357 6830 6937 6939 7035 7168 7170 7198 7273 7275 7472 
1 7710 
1 8203 
1 5084 
1 7785 
1 4979 
1 1357 
5 2451 2668 4142 4160 4199 
1 5883 
1 2111 
1 1416 
1 6310 
1 2365 
4 946 5989 7006 7145 
1 8846 
1 8847 
9 1208 1209 1210 1212 1213 1214 5191 5192 5193 
4 3557 3612 4037 4296 
1 8971 
1 8972 
2 3168 6089 
1 8980 
1 8981 
2 1208 5193 
2 7016 8084 
1 5905 
1 6203 
3 817 6627 6628 
1 9010 
1 9011 
2 3824 5930 
1 6333 
2 5650 8396 
2 5650 8396 
1 5349 
1 8154 
2 7582 7583 
1 3574 
1 8570 
6 1086 1965 1970 1975 1978 1980 
1 44 
24 2961 3559 3642 4950 5127 5509 5512 5649 6400 6971 7611 7858 7881 7917 8053 8638 8826 8827 8829 8885 8886 8893 9044 9120 
1 9027 
1 9028 
1 1110 
1 955 
1 3767 
2 3534 8099 
1 9030 
1 9031 
1 2575 
1 3674 
1 4821 
1 428 
2 1208 5192 
1 221 
2 3824 5930 
1 3163 
1 1440 
2 4253 7231 
1 5848 
24 2961 3559 3642 4950 5127 5509 5512 5649 6400 6971 7611 7858 7881 7917 8053 8638 8826 8827 8829 8885 8886 8893 9044 9120 
1 2160 
1 5171 
1 6160 
1 6161 
1 9036 
1 9037 
1 9112 
1 9113 
1 41 
1 5041 
3 1412 1419 2208 
1 5770 
1 9129 
1 9130 
1 3905 
1 1101 
18 59 956 3196 3607 3646 4555 5335 5357 6830 6937 6939 7035 7168 7170 7198 7273 7275 7472 
1 3614 
2 3320 5296 
1 8339 
1 9138 
1 9139 
1 1128 
1 6470 
3 1412 1419 2208 
1 753 
5 334 378 379 644 1161 
3 6512 6517 6527 
2 6075 6077 
2 3164 6060 
20 59 956 3196 3607 3646 4555 5335 5357 6830 6937 6939 7035 7168 7170 7198 7273 7275 7472 7637 7696 
1 5993 
1 3879 
1 6946 
1 8872 
1 4529 
1 1501 
1 5521 
3 31 93 199 
1 1447 
1 780 
79 0 1 104 105 158 159 162 163 302 1138 1157 1158 1244 1245 1453 1634 1666 2125 2351 2352 2443 2444 2449 2702 2833 2900 2901 2911 3108 3109 3214 3215 3466 3467 3488 3549 3550 3610 3611 3702 3746 3747 3752 3753 3762 3771 3827 3883 3884 3906 3907 3927 3928 3931 4255 4511 4512 4916 4918 4928 4929 5090 5091 5188 5189 5207 5208 5209 5210 5694 5695 5698 5699 5743 5744 5782 5783 5863 5864 
79 0 1 104 105 158 159 162 163 302 1138 1157 1158 1244 1245 1453 1634 1666 2125 2351 2352 2443 2444 2449 2702 2833 2900 2901 2911 3108 3109 3214 3215 3466 3467 3488 3549 3550 3610 3611 3702 3746 3747 3752 3753 3762 3771 3827 3883 3884 3906 3907 3927 3928 3931 4255 4511 4512 4916 4918 4928 4929 5090 5091 5188 5189 5207 5208 5209 5210 5694 5695 5698 5699 5743 5744 5782 5783 5863 5864 
1 8558 
2 8373 8963 
18 59 956 3196 3607 3646 4555 5335 5357 6830 6937 6939 7035 7168 7170 7198 7273 7275 7472 
2 2342 3572 
2 1228 2124 
1 6090 
1 7586 
18 59 956 3196 3607 3646 4555 5335 5357 6830 6937 6939 7035 7168 7170 7198 7273 7275 7472 
1 1152 
1 7204 
1 405 
1 954 
1 9119 
1 3174 
1 418 
79 0 1 104 105 158 159 162 163 302 1138 1157 1158 1244 1245 1453 1634 1666 2125 2351 2352 2443 2444 2449 2702 2833 2900 2901 2911 3108 3109 3214 3215 3466 3467 3488 3549 3550 3610 3611 3702 3746 3747 3752 3753 3762 3771 3827 3883 3884 3906 3907 3927 3928 3931 4255 4511 4512 4916 4918 4928 4929 5090 5091 5188 5189 5207 5208 5209 5210 5694 5695 5698 5699 5743 5744 5782 5783 5863 5864 
66 0 1 104 105 158 159 162 163 302 1138 1157 1158 1244 1245 1453 1634 1666 2125 2351 2352 2443 2444 2449 2702 2833 2900 2901 2911 3108 3109 3214 3215 3466 3467 3488 3549 3550 3610 3611 3702 3746 3747 3752 3753 3762 3771 3827 3883 3884 3906 3907 3927 3928 3931 4255 4511 4512 4916 4918 4928 4929 5090 5091 5188 5189 5207 
1 4553 
66 0 1 104 105 158 159 162 163 302 1138 1157 1158 1244 1245 1453 1634 1666 2125 2351 2352 2443 2444 2449 2702 2833 2900 2901 2911 3108 3109 3214 3215 3466 3467 3488 3549 3550 3610 3611 3702 3746 3747 3752 3753 3762 3771 3827 3883 3884 3906 3907 3927 3928 3931 4255 4511 4512 4916 4918 4928 4929 5090 5091 5188 5189 5207 
79 0 1 104 105 158 159 162 163 302 1138 1157 1158 1244 1245 1453 1634 1666 2125 2351 2352 2443 2444 2449 2702 2833 2900 2901 2911 3108 3109 3214 3215 3466 3467 3488 3549 3550 3610 3611 3702 3746 3747 3752 3753 3762 3771 3827 3883 3884 3906 3907 3927 3928 3931 4255 4511 4512 4916 4918 4928 4929 5090 5091 5188 5189 5207 5208 5209 5210 5694 5695 5698 5699 5743 5744 5782 5783 5863 5864 
1 152 
1 7082 
1 2299 
2 6817 9032 
79 0 1 104 105 158 159 162 163 302 1138 1157 1158 1244 1245 1453 1634 1666 2125 2351 2352 2443 2444 2449 2702 2833 2900 2901 2911 3108 3109 3214 3215 3466 3467 3488 3549 3550 3610 3611 3702 3746 3747 3752 3753 3762 3771 3827 3883 3884 3906 3907 3927 3928 3931 4255 4511 4512 4916 4918 4928 4929 5090 5091 5188 5189 5207 5208 5209 5210 5694 5695 5698 5699 5743 5744 5782 5783 5863 5864 
66 0 1 104 105 158 159 162 163 302 1138 1157 1158 1244 1245 1453 1634 1666 2125 2351 2352 2443 2444 2449 2702 2833 2900 2901 2911 3108 3109 3214 3215 3466 3467 3488 3549 3550 3610 3611 3702 3746 3747 3752 3753 3762 3771 3827 3883 3884 3906 3907 3927 3928 3931 4255 4511 4512 4916 4918 4928 4929 5090 5091 5188 5189 5207 
1 7276 
1 7852 
1 8810 
79 0 1 104 105 158 159 162 163 302 1138 1157 1158 1244 1245 1453 1634 1666 2125 2351 2352 2443 2444 2449 2702 2833 2900 2901 2911 3108 3109 3214 3215 3466 3467 3488 3549 3550 3610 3611 3702 3746 3747 3752 3753 3762 3771 3827 3883 3884 3906 3907 3927 3928 3931 4255 4511 4512 4916 4918 4928 4929 5090 5091 5188 5189 5207 5208 5209 5210 5694 5695 5698 5699 5743 5744 5782 5783 5863 5864 
79 0 1 104 105 158 159 162 163 302 1138 1157 1158 1244 1245 1453 1634 1666 2125 2351 2352 2443 2444 2449 2702 2833 2900 2901 2911 3108 3109 3214 3215 3466 3467 3488 3549 3550 3610 3611 3702 3746 3747 3752 3753 3762 3771 3827 3883 3884 3906 3907 3927 3928 3931 4255 4511 4512 4916 4918 4928 4929 5090 5091 5188 5189 5207 5208 5209 5210 5694 5695 5698 5699 5743 5744 5782 5783 5863 5864 
1 1108 
1 6752 
1 8789 
1 188 
1 8714 
1 5903 
1 323 
2 3538 6832 
2 3539 6833 
1 2870 
1 3578 
1 8498 
1 7610 
3 6681 7055 7219 
1 6897 
4 39 316 840 1433 
16 59 956 3196 3607 3646 4555 5335 5357 6830 6937 6939 7035 7168 7170 7198 7273 
1 7974 
3 6217 6688 8375 
1 4044 
1 6686 
1 8247 
1 8114 
1 1042 
2 1076 3468 
1 8952 
18 59 956 3196 3607 3646 4555 5335 5357 6830 6937 6939 7035 7168 7170 7198 7273 7275 7472 
1 5279 
6 523 549 555 587 606 607 
1 8401 
1 6792 
1 1385 
1 1387 
1 8054 
1 3229 
1 916 
20 59 956 3196 3607 3646 4555 5335 5357 6830 6937 6939 7035 7168 7170 7198 7273 7275 7472 7637 7696 
79 0 1 104 105 158 159 162 163 302 1138 1157 1158 1244 1245 1453 1634 1666 2125 2351 2352 2443 2444 2449 2702 2833 2900 2901 2911 3108 3109 3214 3215 3466 3467 3488 3549 3550 3610 3611 3702 3746 3747 3752 3753 3762 3771 3827 3883 3884 3906 3907 3927 3928 3931 4255 4511 4512 4916 4918 4928 4929 5090 5091 5188 5189 5207 5208 5209 5210 5694 5695 5698 5699 5743 5744 5782 5783 5863 5864 
79 0 1 104 105 158 159 162 163 302 1138 1157 1158 1244 1245 1453 1634 1666 2125 2351 2352 2443 2444 2449 2702 2833 2900 2901 2911 3108 3109 3214 3215 3466 3467 3488 3549 3550 3610 3611 3702 3746 3747 3752 3753 3762 3771 3827 3883 3884 3906 3907 3927 3928 3931 4255 4511 4512 4916 4918 4928 4929 5090 5091 5188 5189 5207 5208 5209 5210 5694 5695 5698 5699 5743 5744 5782 5783 5863 5864 
4 1086 1965 1970 1975 
3 4530 7614 8130 
79 0 1 104 105 158 159 162 163 302 1138 1157 1158 1244 1245 1453 1634 1666 2125 2351 2352 2443 2444 2449 2702 2833 2900 2901 2911 3108 3109 3214 3215 3466 3467 3488 3549 3550 3610 3611 3702 3746 3747 3752 3753 3762 3771 3827 3883 3884 3906 3907 3927 3928 3931 4255 4511 4512 4916 4918 4928 4929 5090 5091 5188 5189 5207 5208 5209 5210 5694 5695 5698 5699 5743 5744 5782 5783 5863 5864 
79 0 1 104 105 158 159 162 163 302 1138 1157 1158 1244 1245 1453 1634 1666 2125 2351 2352 2443 2444 2449 2702 2833 2900 2901 2911 3108 3109 3214 3215 3466 3467 3488 3549 3550 3610 3611 3702 3746 3747 3752 3753 3762 3771 3827 3883 3884 3906 3907 3927 3928 3931 4255 4511 4512 4916 4918 4928 4929 5090 5091 5188 5189 5207 5208 5209 5210 5694 5695 5698 5699 5743 5744 5782 5783 5863 5864 
1 9126 
1 6725 
1 1476 
3 6681 7055 7219 
1 5504 
6 523 549 555 587 606 607 
1 7557 
6 1086 1965 1970 1975 1978 1980 
1 8506 
1 893 
2 6345 6754 
1 387 
2 5240 6396 
1 8611 
1 8837 
1 6039 
1 7481 
2 3212 5099 
1 4782 
1 726 
1 2364 
1 278 
2 3704 5674 
1 6966 
1 2362 
1 8998 
2 1228 2124 
1 9094 
1 5942 
1 6760 
1 1525 
2 7547 7784 
2 7547 7784 
1 2705 
3 7507 7509 7510 
1 5075 
18 59 956 3196 3607 3646 4555 5335 5357 6830 6937 6939 7035 7168 7170 7198 7273 7275 7472 
2 7016 8084 
1 3378 
2 1500 1654 
1 7666 
1 7912 
5 2451 2668 4142 4160 4199 
1 6219 
5 2451 2668 4142 4160 4199 
2 1201 8683 
66 0 1 104 105 158 159 162 163 302 1138 1157 1158 1244 1245 1453 1634 1666 2125 2351 2352 2443 2444 2449 2702 2833 2900 2901 2911 3108 3109 3214 3215 3466 3467 3488 3549 3550 3610 3611 3702 3746 3747 3752 3753 3762 3771 3827 3883 3884 3906 3907 3927 3928 3931 4255 4511 4512 4916 4918 4928 4929 5090 5091 5188 5189 5207 
79 0 1 104 105 158 159 162 163 302 1138 1157 1158 1244 1245 1453 1634 1666 2125 2351 2352 2443 2444 2449 2702 2833 2900 2901 2911 3108 3109 3214 3215 3466 3467 3488 3549 3550 3610 3611 3702 3746 3747 3752 3753 3762 3771 3827 3883 3884 3906 3907 3927 3928 3931 4255 4511 4512 4916 4918 4928 4929 5090 5091 5188 5189 5207 5208 5209 5210 5694 5695 5698 5699 5743 5744 5782 5783 5863 5864 
6 1208 1209 1210 1212 1213 1214 
6 1208 1209 1210 1212 1213 1214 
1 8575 
16 39 316 840 1433 1914 2826 2882 3201 3282 3381 3608 3647 4099 4556 5598 6050 
18 59 956 3196 3607 3646 4555 5335 5357 6830 6937 6939 7035 7168 7170 7198 7273 7275 7472 
79 0 1 104 105 158 159 162 163 302 1138 1157 1158 1244 1245 1453 1634 1666 2125 2351 2352 2443 2444 2449 2702 2833 2900 2901 2911 3108 3109 3214 3215 3466 3467 3488 3549 3550 3610 3611 3702 3746 3747 3752 3753 3762 3771 3827 3883 3884 3906 3907 3927 3928 3931 4255 4511 4512 4916 4918 4928 4929 5090 5091 5188 5189 5207 5208 5209 5210 5694 5695 5698 5699 5743 5744 5782 5783 5863 5864 
79 0 1 104 105 158 159 162 163 302 1138 1157 1158 1244 1245 1453 1634 1666 2125 2351 2352 2443 2444 2449 2702 2833 2900 2901 2911 3108 3109 3214 3215 3466 3467 3488 3549 3550 3610 3611 3702 3746 3747 3752 3753 3762 3771 3827 3883 3884 3906 3907 3927 3928 3931 4255 4511 4512 4916 4918 4928 4929 5090 5091 5188 5189 5207 5208 5209 5210 5694 5695 5698 5699 5743 5744 5782 5783 5863 5864 
2 79 626 
2 79 627 
2 79 632 
2 273 286 
1 5508 
1 197 
1 6104 
2 5067 5068 
2 5067 5068 
2 3605 7378 
1 1769 
1 1256 
1 6464 
1 6505 
3 884 5092 5112 
1 5471 
1 8439 
1 4241 
1 6658 
1 7663 
1 4314 
2 3538 6832 
2 3539 6833 
1 6609 
1 5475 
1 4796 
1 1423 
1 7693 
1 5897 
1 6138 
2 8145 8249 
1 1518 
2 95 3768 
1 7627 
1 7061 
1 7508 
1 7631 
66 0 1 104 105 158 159 162 163 302 1138 1157 1158 1244 1245 1453 1634 1666 2125 2351 2352 2443 2444 2449 2702 2833 2900 2901 2911 3108 3109 3214 3215 3466 3467 3488 3549 3550 3610 3611 3702 3746 3747 3752 3753 3762 3771 3827 3883 3884 3906 3907 3927 3928 3931 4255 4511 4512 4916 4918 4928 4929 5090 5091 5188 5189 5207 
66 0 1 104 105 158 159 162 163 302 1138 1157 1158 1244 1245 1453 1634 1666 2125 2351 2352 2443 2444 2449 2702 2833 2900 2901 2911 3108 3109 3214 3215 3466 3467 3488 3549 3550 3610 3611 3702 3746 3747 3752 3753 3762 3771 3827 3883 3884 3906 3907 3927 3928 3931 4255 4511 4512 4916 4918 4928 4929 5090 5091 5188 5189 5207 
2 817 6627 
1 6305 
18 59 956 3196 3607 3646 4555 5335 5357 6830 6937 6939 7035 7168 7170 7198 7273 7275 7472 
1 7109 
3 7361 7362 8553 
1 1655 
2 3235 4946 
1 379 
79 0 1 104 105 158 159 162 163 302 1138 1157 1158 1244 1245 1453 1634 1666 2125 2351 2352 2443 2444 2449 2702 2833 2900 2901 2911 3108 3109 3214 3215 3466 3467 3488 3549 3550 3610 3611 3702 3746 3747 3752 3753 3762 3771 3827 3883 3884 3906 3907 3927 3928 3931 4255 4511 4512 4916 4918 4928 4929 5090 5091 5188 5189 5207 5208 5209 5210 5694 5695 5698 5699 5743 5744 5782 5783 5863 5864 
79 0 1 104 105 158 159 162 163 302 1138 1157 1158 1244 1245 1453 1634 1666 2125 2351 2352 2443 2444 2449 2702 2833 2900 2901 2911 3108 3109 3214 3215 3466 3467 3488 3549 3550 3610 3611 3702 3746 3747 3752 3753 3762 3771 3827 3883 3884 3906 3907 3927 3928 3931 4255 4511 4512 4916 4918 4928 4929 5090 5091 5188 5189 5207 5208 5209 5210 5694 5695 5698 5699 5743 5744 5782 5783 5863 5864 
1 1926 
2 7091 7092 
79 0 1 104 105 158 159 162 163 302 1138 1157 1158 1244 1245 1453 1634 1666 2125 2351 2352 2443 2444 2449 2702 2833 2900 2901 2911 3108 3109 3214 3215 3466 3467 3488 3549 3550 3610 3611 3702 3746 3747 3752 3753 3762 3771 3827 3883 3884 3906 3907 3927 3928 3931 4255 4511 4512 4916 4918 4928 4929 5090 5091 5188 5189 5207 5208 5209 5210 5694 5695 5698 5699 5743 5744 5782 5783 5863 5864 
79 0 1 104 105 158 159 162 163 302 1138 1157 1158 1244 1245 1453 1634 1666 2125 2351 2352 2443 2444 2449 2702 2833 2900 2901 2911 3108 3109 3214 3215 3466 3467 3488 3549 3550 3610 3611 3702 3746 3747 3752 3753 3762 3771 3827 3883 3884 3906 3907 3927 3928 3931 4255 4511 4512 4916 4918 4928 4929 5090 5091 5188 5189 5207 5208 5209 5210 5694 5695 5698 5699 5743 5744 5782 5783 5863 5864 
1 3568 
6 523 549 555 587 606 607 
1 1124 
1 1761 
3 31 93 199 
24 2961 3559 3642 4950 5127 5509 5512 5649 6400 6971 7611 7858 7881 7917 8053 8638 8826 8827 8829 8885 8886 8893 9044 9120 
7 2601 4055 5994 7507 7509 7510 8558 
2 952 3062 
1 8562 
79 0 1 104 105 158 159 162 163 302 1138 1157 1158 1244 1245 1453 1634 1666 2125 2351 2352 2443 2444 2449 2702 2833 2900 2901 2911 3108 3109 3214 3215 3466 3467 3488 3549 3550 3610 3611 3702 3746 3747 3752 3753 3762 3771 3827 3883 3884 3906 3907 3927 3928 3931 4255 4511 4512 4916 4918 4928 4929 5090 5091 5188 5189 5207 5208 5209 5210 5694 5695 5698 5699 5743 5744 5782 5783 5863 5864 
79 0 1 104 105 158 159 162 163 302 1138 1157 1158 1244 1245 1453 1634 1666 2125 2351 2352 2443 2444 2449 2702 2833 2900 2901 2911 3108 3109 3214 3215 3466 3467 3488 3549 3550 3610 3611 3702 3746 3747 3752 3753 3762 3771 3827 3883 3884 3906 3907 3927 3928 3931 4255 4511 4512 4916 4918 4928 4929 5090 5091 5188 5189 5207 5208 5209 5210 5694 5695 5698 5699 5743 5744 5782 5783 5863 5864 
1 917 
5 2601 4055 5994 7507 7509 
1 8819 
1 1444 
1 2447 
2 5857 6987 
24 2961 3559 3642 4950 5127 5509 5512 5649 6400 6971 7611 7858 7881 7917 8053 8638 8826 8827 8829 8885 8886 8893 9044 9120 
1 7604 
79 0 1 104 105 158 159 162 163 302 1138 1157 1158 1244 1245 1453 1634 1666 2125 2351 2352 2443 2444 2449 2702 2833 2900 2901 2911 3108 3109 3214 3215 3466 3467 3488 3549 3550 3610 3611 3702 3746 3747 3752 3753 3762 3771 3827 3883 3884 3906 3907 3927 3928 3931 4255 4511 4512 4916 4918 4928 4929 5090 5091 5188 5189 5207 5208 5209 5210 5694 5695 5698 5699 5743 5744 5782 5783 5863 5864 
79 0 1 104 105 158 159 162 163 302 1138 1157 1158 1244 1245 1453 1634 1666 2125 2351 2352 2443 2444 2449 2702 2833 2900 2901 2911 3108 3109 3214 3215 3466 3467 3488 3549 3550 3610 3611 3702 3746 3747 3752 3753 3762 3771 3827 3883 3884 3906 3907 3927 3928 3931 4255 4511 4512 4916 4918 4928 4929 5090 5091 5188 5189 5207 5208 5209 5210 5694 5695 5698 5699 5743 5744 5782 5783 5863 5864 
6 7674 7741 8612 8930 8931 8932 
2 5240 6396 
1 2258 
4 164 1113 1467 1468 
1 6042 
79 0 1 104 105 158 159 162 163 302 1138 1157 1158 1244 1245 1453 1634 1666 2125 2351 2352 2443 2444 2449 2702 2833 2900 2901 2911 3108 3109 3214 3215 3466 3467 3488 3549 3550 3610 3611 3702 3746 3747 3752 3753 3762 3771 3827 3883 3884 3906 3907 3927 3928 3931 4255 4511 4512 4916 4918 4928 4929 5090 5091 5188 5189 5207 5208 5209 5210 5694 5695 5698 5699 5743 5744 5782 5783 5863 5864 
79 0 1 104 105 158 159 162 163 302 1138 1157 1158 1244 1245 1453 1634 1666 2125 2351 2352 2443 2444 2449 2702 2833 2900 2901 2911 3108 3109 3214 3215 3466 3467 3488 3549 3550 3610 3611 3702 3746 3747 3752 3753 3762 3771 3827 3883 3884 3906 3907 3927 3928 3931 4255 4511 4512 4916 4918 4928 4929 5090 5091 5188 5189 5207 5208 5209 5210 5694 5695 5698 5699 5743 5744 5782 5783 5863 5864 
1 7513 
1 8804 
5 3172 5841 5843 5844 5845 
2 3200 4036 
1 8391 
3 4792 5159 6991 
3 4792 5159 6991 
1 796 
79 0 1 104 105 158 159 162 163 302 1138 1157 1158 1244 1245 1453 1634 1666 2125 2351 2352 2443 2444 2449 2702 2833 2900 2901 2911 3108 3109 3214 3215 3466 3467 3488 3549 3550 3610 3611 3702 3746 3747 3752 3753 3762 3771 3827 3883 3884 3906 3907 3927 3928 3931 4255 4511 4512 4916 4918 4928 4929 5090 5091 5188 5189 5207 5208 5209 5210 5694 5695 5698 5699 5743 5744 5782 5783 5863 5864 
79 0 1 104 105 158 159 162 163 302 1138 1157 1158 1244 1245 1453 1634 1666 2125 2351 2352 2443 2444 2449 2702 2833 2900 2901 2911 3108 3109 3214 3215 3466 3467 3488 3549 3550 3610 3611 3702 3746 3747 3752 3753 3762 3771 3827 3883 3884 3906 3907 3927 3928 3931 4255 4511 4512 4916 4918 4928 4929 5090 5091 5188 5189 5207 5208 5209 5210 5694 5695 5698 5699 5743 5744 5782 5783 5863 5864 
3 31 93 199 
1 5205 
24 2961 3559 3642 4950 5127 5509 5512 5649 6400 6971 7611 7858 7881 7917 8053 8638 8826 8827 8829 8885 8886 8893 9044 9120 
1 9050 
1 6858 
1 7937 
2 6097 6849 
2 1915 4358 
5 4493 5910 7243 7515 7732 
1 1045 
1 314 
1 6298 
1 6753 
1 2713 
3 6217 6688 8375 
1 1566 
1 6706 
79 0 1 104 105 158 159 162 163 302 1138 1157 1158 1244 1245 1453 1634 1666 2125 2351 2352 2443 2444 2449 2702 2833 2900 2901 2911 3108 3109 3214 3215 3466 3467 3488 3549 3550 3610 3611 3702 3746 3747 3752 3753 3762 3771 3827 3883 3884 3906 3907 3927 3928 3931 4255 4511 4512 4916 4918 4928 4929 5090 5091 5188 5189 5207 5208 5209 5210 5694 5695 5698 5699 5743 5744 5782 5783 5863 5864 
79 0 1 104 105 158 159 162 163 302 1138 1157 1158 1244 1245 1453 1634 1666 2125 2351 2352 2443 2444 2449 2702 2833 2900 2901 2911 3108 3109 3214 3215 3466 3467 3488 3549 3550 3610 3611 3702 3746 3747 3752 3753 3762 3771 3827 3883 3884 3906 3907 3927 3928 3931 4255 4511 4512 4916 4918 4928 4929 5090 5091 5188 5189 5207 5208 5209 5210 5694 5695 5698 5699 5743 5744 5782 5783 5863 5864 
1 6950 
1 2809 
11 382 417 419 421 426 441 445 460 468 485 486 
1 6615 
1 7108 
2 5915 5916 
8 1208 1209 1210 1212 1213 1214 7569 7580 
3 4792 5159 6991 
1 7660 
1 5045 
1 1417 
1 8841 
1 6477 
1 5079 
1 6730 
1 8351 
1 7503 
1 869 
1 8105 
1 5164 
1 6541 
3 1412 1419 2208 
1 5631 
5 6223 6591 6592 6593 7084 
5 6223 6591 6592 6593 7084 
1 20 
2 7217 7377 
5 4493 5910 7243 7515 7732 
1 9081 
1 1524 
2 3235 4946 
1 7262 
5 1203 5447 5453 5455 5467 
2 5397 5398 
79 0 1 104 105 158 159 162 163 302 1138 1157 1158 1244 1245 1453 1634 1666 2125 2351 2352 2443 2444 2449 2702 2833 2900 2901 2911 3108 3109 3214 3215 3466 3467 3488 3549 3550 3610 3611 3702 3746 3747 3752 3753 3762 3771 3827 3883 3884 3906 3907 3927 3928 3931 4255 4511 4512 4916 4918 4928 4929 5090 5091 5188 5189 5207 5208 5209 5210 5694 5695 5698 5699 5743 5744 5782 5783 5863 5864 
79 0 1 104 105 158 159 162 163 302 1138 1157 1158 1244 1245 1453 1634 1666 2125 2351 2352 2443 2444 2449 2702 2833 2900 2901 2911 3108 3109 3214 3215 3466 3467 3488 3549 3550 3610 3611 3702 3746 3747 3752 3753 3762 3771 3827 3883 3884 3906 3907 3927 3928 3931 4255 4511 4512 4916 4918 4928 4929 5090 5091 5188 5189 5207 5208 5209 5210 5694 5695 5698 5699 5743 5744 5782 5783 5863 5864 
1 8765 
1 6506 
79 0 1 104 105 158 159 162 163 302 1138 1157 1158 1244 1245 1453 1634 1666 2125 2351 2352 2443 2444 2449 2702 2833 2900 2901 2911 3108 3109 3214 3215 3466 3467 3488 3549 3550 3610 3611 3702 3746 3747 3752 3753 3762 3771 3827 3883 3884 3906 3907 3927 3928 3931 4255 4511 4512 4916 4918 4928 4929 5090 5091 5188 5189 5207 5208 5209 5210 5694 5695 5698 5699 5743 5744 5782 5783 5863 5864 
79 0 1 104 105 158 159 162 163 302 1138 1157 1158 1244 1245 1453 1634 1666 2125 2351 2352 2443 2444 2449 2702 2833 2900 2901 2911 3108 3109 3214 3215 3466 3467 3488 3549 3550 3610 3611 3702 3746 3747 3752 3753 3762 3771 3827 3883 3884 3906 3907 3927 3928 3931 4255 4511 4512 4916 4918 4928 4929 5090 5091 5188 5189 5207 5208 5209 5210 5694 5695 5698 5699 5743 5744 5782 5783 5863 5864 
1 3723 
3 6057 6736 7735 
1 80 
79 0 1 104 105 158 159 162 163 302 1138 1157 1158 1244 1245 1453 1634 1666 2125 2351 2352 2443 2444 2449 2702 2833 2900 2901 2911 3108 3109 3214 3215 3466 3467 3488 3549 3550 3610 3611 3702 3746 3747 3752 3753 3762 3771 3827 3883 3884 3906 3907 3927 3928 3931 4255 4511 4512 4916 4918 4928 4929 5090 5091 5188 5189 5207 5208 5209 5210 5694 5695 5698 5699 5743 5744 5782 5783 5863 5864 
79 0 1 104 105 158 159 162 163 302 1138 1157 1158 1244 1245 1453 1634 1666 2125 2351 2352 2443 2444 2449 2702 2833 2900 2901 2911 3108 3109 3214 3215 3466 3467 3488 3549 3550 3610 3611 3702 3746 3747 3752 3753 3762 3771 3827 3883 3884 3906 3907 3927 3928 3931 4255 4511 4512 4916 4918 4928 4929 5090 5091 5188 5189 5207 5208 5209 5210 5694 5695 5698 5699 5743 5744 5782 5783 5863 5864 
1 4404 
24 2961 3559 3642 4950 5127 5509 5512 5649 6400 6971 7611 7858 7881 7917 8053 8638 8826 8827 8829 8885 8886 8893 9044 9120 
24 2961 3559 3642 4950 5127 5509 5512 5649 6400 6971 7611 7858 7881 7917 8053 8638 8826 8827 8829 8885 8886 8893 9044 9120 
5 2601 4055 5994 7507 7509 
1 8299 
5 2601 4055 5994 7507 7509 
1 808 
1 3107 
24 2961 3559 3642 4950 5127 5509 5512 5649 6400 6971 7611 7858 7881 7917 8053 8638 8826 8827 8829 8885 8886 8893 9044 9120 
1 8773 
79 0 1 104 105 158 159 162 163 302 1138 1157 1158 1244 1245 1453 1634 1666 2125 2351 2352 2443 2444 2449 2702 2833 2900 2901 2911 3108 3109 3214 3215 3466 3467 3488 3549 3550 3610 3611 3702 3746 3747 3752 3753 3762 3771 3827 3883 3884 3906 3907 3927 3928 3931 4255 4511 4512 4916 4918 4928 4929 5090 5091 5188 5189 5207 5208 5209 5210 5694 5695 5698 5699 5743 5744 5782 5783 5863 5864 
79 0 1 104 105 158 159 162 163 302 1138 1157 1158 1244 1245 1453 1634 1666 2125 2351 2352 2443 2444 2449 2702 2833 2900 2901 2911 3108 3109 3214 3215 3466 3467 3488 3549 3550 3610 3611 3702 3746 3747 3752 3753 3762 3771 3827 3883 3884 3906 3907 3927 3928 3931 4255 4511 4512 4916 4918 4928 4929 5090 5091 5188 5189 5207 5208 5209 5210 5694 5695 5698 5699 5743 5744 5782 5783 5863 5864 
4 39 316 840 1433 
1 7804 
1 8032 
20 59 956 3196 3607 3646 4555 5335 5357 6830 6937 6939 7035 7168 7170 7198 7273 7275 7472 7637 7696 
1 8306 
2 79 679 
2 79 697 
2 2342 3572 
1 5404 
1 9009 
1 5380 
3 1768 5214 6014 
3 5714 5716 6783 
1 8420 
1 4400 
5 5910 7044 7243 7515 7732 
5 5910 7044 7243 7515 7732 
5 5910 7044 7243 7515 7732 
2 3168 6089 
1 1908 
1 4312 
79 0 1 104 105 158 159 162 163 302 1138 1157 1158 1244 1245 1453 1634 1666 2125 2351 2352 2443 2444 2449 2702 2833 2900 2901 2911 3108 3109 3214 3215 3466 3467 3488 3549 3550 3610 3611 3702 3746 3747 3752 3753 3762 3771 3827 3883 3884 3906 3907 3927 3928 3931 4255 4511 4512 4916 4918 4928 4929 5090 5091 5188 5189 5207 5208 5209 5210 5694 5695 5698 5699 5743 5744 5782 5783 5863 5864 
79 0 1 104 105 158 159 162 163 302 1138 1157 1158 1244 1245 1453 1634 1666 2125 2351 2352 2443 2444 2449 2702 2833 2900 2901 2911 3108 3109 3214 3215 3466 3467 3488 3549 3550 3610 3611 3702 3746 3747 3752 3753 3762 3771 3827 3883 3884 3906 3907 3927 3928 3931 4255 4511 4512 4916 4918 4928 4929 5090 5091 5188 5189 5207 5208 5209 5210 5694 5695 5698 5699 5743 5744 5782 5783 5863 5864 
1 8588 
1 5191 
1 9080 
1 1290 
2 6300 6301 
1 6393 
1 6660 
2 3129 3145 
1 425 
1 644 
5 334 378 379 644 1161 
2 3200 4036 
1 5163 
1 9040 
2 5397 5398 
3 884 5092 5112 
3 5163 5880 6869 
1 1596 
1 7731 
1 6398 
1 6399 
4 2273 3639 5988 7146 
1 5505 
3 1768 5214 6014 
6 2311 7414 7417 7419 7423 8039 
1 3474 
1 37 
1 8637 
1 7953 
4 2273 3639 5988 7146 
1 5472 
1 3662 
1 9035 
2 7909 7911 
1 4418 
1 5823 
18 59 956 3196 3607 3646 4555 5335 5357 6830 6937 6939 7035 7168 7170 7198 7273 7275 7472 
2 5915 5916 
2 1701 1713 
1 4712 
2 5167 5692 
1 8277 
2 5857 6987 
79 0 1 104 105 158 159 162 163 302 1138 1157 1158 1244 1245 1453 1634 1666 2125 2351 2352 2443 2444 2449 2702 2833 2900 2901 2911 3108 3109 3214 3215 3466 3467 3488 3549 3550 3610 3611 3702 3746 3747 3752 3753 3762 3771 3827 3883 3884 3906 3907 3927 3928 3931 4255 4511 4512 4916 4918 4928 4929 5090 5091 5188 5189 5207 5208 5209 5210 5694 5695 5698 5699 5743 5744 5782 5783 5863 5864 
79 0 1 104 105 158 159 162 163 302 1138 1157 1158 1244 1245 1453 1634 1666 2125 2351 2352 2443 2444 2449 2702 2833 2900 2901 2911 3108 3109 3214 3215 3466 3467 3488 3549 3550 3610 3611 3702 3746 3747 3752 3753 3762 3771 3827 3883 3884 3906 3907 3927 3928 3931 4255 4511 4512 4916 4918 4928 4929 5090 5091 5188 5189 5207 5208 5209 5210 5694 5695 5698 5699 5743 5744 5782 5783 5863 5864 
2 6941 6943 
20 59 956 3196 3607 3646 4555 5335 5357 6830 6937 6939 7035 7168 7170 7198 7273 7275 7472 7637 7696 
5 6223 6591 6592 6593 7084 
2 1500 1654 
1 4628 
66 0 1 104 105 158 159 162 163 302 1138 1157 1158 1244 1245 1453 1634 1666 2125 2351 2352 2443 2444 2449 2702 2833 2900 2901 2911 3108 3109 3214 3215 3466 3467 3488 3549 3550 3610 3611 3702 3746 3747 3752 3753 3762 3771 3827 3883 3884 3906 3907 3927 3928 3931 4255 4511 4512 4916 4918 4928 4929 5090 5091 5188 5189 5207 
79 0 1 104 105 158 159 162 163 302 1138 1157 1158 1244 1245 1453 1634 1666 2125 2351 2352 2443 2444 2449 2702 2833 2900 2901 2911 3108 3109 3214 3215 3466 3467 3488 3549 3550 3610 3611 3702 3746 3747 3752 3753 3762 3771 3827 3883 3884 3906 3907 3927 3928 3931 4255 4511 4512 4916 4918 4928 4929 5090 5091 5188 5189 5207 5208 5209 5210 5694 5695 5698 5699 5743 5744 5782 5783 5863 5864 
1 8553 
2 7582 7583 
1 368 
1 6472 
2 8145 8249 
1 6467 
2 6300 6301 
24 2961 3559 3642 4950 5127 5509 5512 5649 6400 6971 7611 7858 7881 7917 8053 8638 8826 8827 8829 8885 8886 8893 9044 9120 
24 2961 3559 3642 4950 5127 5509 5512 5649 6400 6971 7611 7858 7881 7917 8053 8638 8826 8827 8829 8885 8886 8893 9044 9120 
1 8728 
2 1076 3468 
1 6347 
1 3829 
2 1701 1713 
1 3523 
1 1542 
2 6345 6754 
5 4493 5910 7243 7515 7732 
1 7564 
1 2695 
1 5206 
1 5920 
2 4321 6219 
1 415 
1 6951 
79 0 1 104 105 158 159 162 163 302 1138 1157 1158 1244 1245 1453 1634 1666 2125 2351 2352 2443 2444 2449 2702 2833 2900 2901 2911 3108 3109 3214 3215 3466 3467 3488 3549 3550 3610 3611 3702 3746 3747 3752 3753 3762 3771 3827 3883 3884 3906 3907 3927 3928 3931 4255 4511 4512 4916 4918 4928 4929 5090 5091 5188 5189 5207 5208 5209 5210 5694 5695 5698 5699 5743 5744 5782 5783 5863 5864 
79 0 1 104 105 158 159 162 163 302 1138 1157 1158 1244 1245 1453 1634 1666 2125 2351 2352 2443 2444 2449 2702 2833 2900 2901 2911 3108 3109 3214 3215 3466 3467 3488 3549 3550 3610 3611 3702 3746 3747 3752 3753 3762 3771 3827 3883 3884 3906 3907 3927 3928 3931 4255 4511 4512 4916 4918 4928 4929 5090 5091 5188 5189 5207 5208 5209 5210 5694 5695 5698 5699 5743 5744 5782 5783 5863 5864 
1 91 
1 1789 
3 1768 5214 6014 
1 6126 
79 0 1 104 105 158 159 162 163 302 1138 1157 1158 1244 1245 1453 1634 1666 2125 2351 2352 2443 2444 2449 2702 2833 2900 2901 2911 3108 3109 3214 3215 3466 3467 3488 3549 3550 3610 3611 3702 3746 3747 3752 3753 3762 3771 3827 3883 3884 3906 3907 3927 3928 3931 4255 4511 4512 4916 4918 4928 4929 5090 5091 5188 5189 5207 5208 5209 5210 5694 5695 5698 5699 5743 5744 5782 5783 5863 5864 
79 0 1 104 105 158 159 162 163 302 1138 1157 1158 1244 1245 1453 1634 1666 2125 2351 2352 2443 2444 2449 2702 2833 2900 2901 2911 3108 3109 3214 3215 3466 3467 3488 3549 3550 3610 3611 3702 3746 3747 3752 3753 3762 3771 3827 3883 3884 3906 3907 3927 3928 3931 4255 4511 4512 4916 4918 4928 4929 5090 5091 5188 5189 5207 5208 5209 5210 5694 5695 5698 5699 5743 5744 5782 5783 5863 5864 
1 7821 
1 6604 
3 6512 6517 6527 
1 488 
79 0 1 104 105 158 159 162 163 302 1138 1157 1158 1244 1245 1453 1634 1666 2125 2351 2352 2443 2444 2449 2702 2833 2900 2901 2911 3108 3109 3214 3215 3466 3467 3488 3549 3550 3610 3611 3702 3746 3747 3752 3753 3762 3771 3827 3883 3884 3906 3907 3927 3928 3931 4255 4511 4512 4916 4918 4928 4929 5090 5091 5188 5189 5207 5208 5209 5210 5694 5695 5698 5699 5743 5744 5782 5783 5863 5864 
79 0 1 104 105 158 159 162 163 302 1138 1157 1158 1244 1245 1453 1634 1666 2125 2351 2352 2443 2444 2449 2702 2833 2900 2901 2911 3108 3109 3214 3215 3466 3467 3488 3549 3550 3610 3611 3702 3746 3747 3752 3753 3762 3771 3827 3883 3884 3906 3907 3927 3928 3931 4255 4511 4512 4916 4918 4928 4929 5090 5091 5188 5189 5207 5208 5209 5210 5694 5695 5698 5699 5743 5744 5782 5783 5863 5864 
1 2854 
1 7860 
1 7527 
1 115 
1 6364 
1 2312 
1 5204 
5 6223 6591 6592 6593 7084 
5 6223 6591 6592 6593 7084 
66 0 1 104 105 158 159 162 163 302 1138 1157 1158 1244 1245 1453 1634 1666 2125 2351 2352 2443 2444 2449 2702 2833 2900 2901 2911 3108 3109 3214 3215 3466 3467 3488 3549 3550 3610 3611 3702 3746 3747 3752 3753 3762 3771 3827 3883 3884 3906 3907 3927 3928 3931 4255 4511 4512 4916 4918 4928 4929 5090 5091 5188 5189 5207 
79 0 1 104 105 158 159 162 163 302 1138 1157 1158 1244 1245 1453 1634 1666 2125 2351 2352 2443 2444 2449 2702 2833 2900 2901 2911 3108 3109 3214 3215 3466 3467 3488 3549 3550 3610 3611 3702 3746 3747 3752 3753 3762 3771 3827 3883 3884 3906 3907 3927 3928 3931 4255 4511 4512 4916 4918 4928 4929 5090 5091 5188 5189 5207 5208 5209 5210 5694 5695 5698 5699 5743 5744 5782 5783 5863 5864 
79 0 1 104 105 158 159 162 163 302 1138 1157 1158 1244 1245 1453 1634 1666 2125 2351 2352 2443 2444 2449 2702 2833 2900 2901 2911 3108 3109 3214 3215 3466 3467 3488 3549 3550 3610 3611 3702 3746 3747 3752 3753 3762 3771 3827 3883 3884 3906 3907 3927 3928 3931 4255 4511 4512 4916 4918 4928 4929 5090 5091 5188 5189 5207 5208 5209 5210 5694 5695 5698 5699 5743 5744 5782 5783 5863 5864 
79 0 1 104 105 158 159 162 163 302 1138 1157 1158 1244 1245 1453 1634 1666 2125 2351 2352 2443 2444 2449 2702 2833 2900 2901 2911 3108 3109 3214 3215 3466 3467 3488 3549 3550 3610 3611 3702 3746 3747 3752 3753 3762 3771 3827 3883 3884 3906 3907 3927 3928 3931 4255 4511 4512 4916 4918 4928 4929 5090 5091 5188 5189 5207 5208 5209 5210 5694 5695 5698 5699 5743 5744 5782 5783 5863 5864 
5 2451 2668 4142 4160 4199 
79 0 1 104 105 158 159 162 163 302 1138 1157 1158 1244 1245 1453 1634 1666 2125 2351 2352 2443 2444 2449 2702 2833 2900 2901 2911 3108 3109 3214 3215 3466 3467 3488 3549 3550 3610 3611 3702 3746 3747 3752 3753 3762 3771 3827 3883 3884 3906 3907 3927 3928 3931 4255 4511 4512 4916 4918 4928 4929 5090 5091 5188 5189 5207 5208 5209 5210 5694 5695 5698 5699 5743 5744 5782 5783 5863 5864 
79 0 1 104 105 158 159 162 163 302 1138 1157 1158 1244 1245 1453 1634 1666 2125 2351 2352 2443 2444 2449 2702 2833 2900 2901 2911 3108 3109 3214 3215 3466 3467 3488 3549 3550 3610 3611 3702 3746 3747 3752 3753 3762 3771 3827 3883 3884 3906 3907 3927 3928 3931 4255 4511 4512 4916 4918 4928 4929 5090 5091 5188 5189 5207 5208 5209 5210 5694 5695 5698 5699 5743 5744 5782 5783 5863 5864 
2 952 3062 
1 7715 
1 7110 
1 7756 
1 3866 
1 7031 
3 5714 5716 6783 
3 6057 6736 7735 
1 160 
1 799 
2 5013 6610 
1 8913 
5 1285 6598 6603 8277 8810 
2 5714 5716 
79 0 1 104 105 158 159 162 163 302 1138 1157 1158 1244 1245 1453 1634 1666 2125 2351 2352 2443 2444 2449 2702 2833 2900 2901 2911 3108 3109 3214 3215 3466 3467 3488 3549 3550 3610 3611 3702 3746 3747 3752 3753 3762 3771 3827 3883 3884 3906 3907 3927 3928 3931 4255 4511 4512 4916 4918 4928 4929 5090 5091 5188 5189 5207 5208 5209 5210 5694 5695 5698 5699 5743 5744 5782 5783 5863 5864 
79 0 1 104 105 158 159 162 163 302 1138 1157 1158 1244 1245 1453 1634 1666 2125 2351 2352 2443 2444 2449 2702 2833 2900 2901 2911 3108 3109 3214 3215 3466 3467 3488 3549 3550 3610 3611 3702 3746 3747 3752 3753 3762 3771 3827 3883 3884 3906 3907 3927 3928 3931 4255 4511 4512 4916 4918 4928 4929 5090 5091 5188 5189 5207 5208 5209 5210 5694 5695 5698 5699 5743 5744 5782 5783 5863 5864 
1 8144 
1 369 
1 7788 
1 8029 
1 2887 
5 1285 6598 6603 8277 8810 
3 4530 7614 8130 
1 2347 
24 2961 3559 3642 4950 5127 5509 5512 5649 6400 6971 7611 7858 7881 7917 8053 8638 8826 8827 8829 8885 8886 8893 9044 9120 
79 0 1 104 105 158 159 162 163 302 1138 1157 1158 1244 1245 1453 1634 1666 2125 2351 2352 2443 2444 2449 2702 2833 2900 2901 2911 3108 3109 3214 3215 3466 3467 3488 3549 3550 3610 3611 3702 3746 3747 3752 3753 3762 3771 3827 3883 3884 3906 3907 3927 3928 3931 4255 4511 4512 4916 4918 4928 4929 5090 5091 5188 5189 5207 5208 5209 5210 5694 5695 5698 5699 5743 5744 5782 5783 5863 5864 
79 0 1 104 105 158 159 162 163 302 1138 1157 1158 1244 1245 1453 1634 1666 2125 2351 2352 2443 2444 2449 2702 2833 2900 2901 2911 3108 3109 3214 3215 3466 3467 3488 3549 3550 3610 3611 3702 3746 3747 3752 3753 3762 3771 3827 3883 3884 3906 3907 3927 3928 3931 4255 4511 4512 4916 4918 4928 4929 5090 5091 5188 5189 5207 5208 5209 5210 5694 5695 5698 5699 5743 5744 5782 5783 5863 5864 
1 824 
