2000 2199 9141
1 8054 
1 3229 
1 916 
20 59 956 3196 3607 3646 4555 5335 5357 6830 6937 6939 7035 7168 7170 7198 7273 7275 7472 7637 7696 
79 0 1 104 105 158 159 162 163 302 1138 1157 1158 1244 1245 1453 1634 1666 2125 2351 2352 2443 2444 2449 2702 2833 2900 2901 2911 3108 3109 3214 3215 3466 3467 3488 3549 3550 3610 3611 3702 3746 3747 3752 3753 3762 3771 3827 3883 3884 3906 3907 3927 3928 3931 4255 4511 4512 4916 4918 4928 4929 5090 5091 5188 5189 5207 5208 5209 5210 5694 5695 5698 5699 5743 5744 5782 5783 5863 5864 
79 0 1 104 105 158 159 162 163 302 1138 1157 1158 1244 1245 1453 1634 1666 2125 2351 2352 2443 2444 2449 2702 2833 2900 2901 2911 3108 3109 3214 3215 3466 3467 3488 3549 3550 3610 3611 3702 3746 3747 3752 3753 3762 3771 3827 3883 3884 3906 3907 3927 3928 3931 4255 4511 4512 4916 4918 4928 4929 5090 5091 5188 5189 5207 5208 5209 5210 5694 5695 5698 5699 5743 5744 5782 5783 5863 5864 
4 1086 1965 1970 1975 
3 4530 7614 8130 
79 0 1 104 105 158 159 162 163 302 1138 1157 1158 1244 1245 1453 1634 1666 2125 2351 2352 2443 2444 2449 2702 2833 2900 2901 2911 3108 3109 3214 3215 3466 3467 3488 3549 3550 3610 3611 3702 3746 3747 3752 3753 3762 3771 3827 3883 3884 3906 3907 3927 3928 3931 4255 4511 4512 4916 4918 4928 4929 5090 5091 5188 5189 5207 5208 5209 5210 5694 5695 5698 5699 5743 5744 5782 5783 5863 5864 
79 0 1 104 105 158 159 162 163 302 1138 1157 1158 1244 1245 1453 1634 1666 2125 2351 2352 2443 2444 2449 2702 2833 2900 2901 2911 3108 3109 3214 3215 3466 3467 3488 3549 3550 3610 3611 3702 3746 3747 3752 3753 3762 3771 3827 3883 3884 3906 3907 3927 3928 3931 4255 4511 4512 4916 4918 4928 4929 5090 5091 5188 5189 5207 5208 5209 5210 5694 5695 5698 5699 5743 5744 5782 5783 5863 5864 
1 9126 
1 6725 
1 1476 
3 6681 7055 7219 
1 5504 
6 523 549 555 587 606 607 
1 7557 
6 1086 1965 1970 1975 1978 1980 
1 8506 
1 893 
2 6345 6754 
1 387 
2 5240 6396 
1 8611 
1 8837 
1 6039 
1 7481 
2 3212 5099 
1 4782 
1 726 
1 2364 
1 278 
2 3704 5674 
1 6966 
1 2362 
1 8998 
2 1228 2124 
1 9094 
1 5942 
1 6760 
1 1525 
2 7547 7784 
2 7547 7784 
1 2705 
3 7507 7509 7510 
1 5075 
18 59 956 3196 3607 3646 4555 5335 5357 6830 6937 6939 7035 7168 7170 7198 7273 7275 7472 
2 7016 8084 
1 3378 
2 1500 1654 
1 7666 
1 7912 
5 2451 2668 4142 4160 4199 
1 6219 
5 2451 2668 4142 4160 4199 
2 1201 8683 
66 0 1 104 105 158 159 162 163 302 1138 1157 1158 1244 1245 1453 1634 1666 2125 2351 2352 2443 2444 2449 2702 2833 2900 2901 2911 3108 3109 3214 3215 3466 3467 3488 3549 3550 3610 3611 3702 3746 3747 3752 3753 3762 3771 3827 3883 3884 3906 3907 3927 3928 3931 4255 4511 4512 4916 4918 4928 4929 5090 5091 5188 5189 5207 
79 0 1 104 105 158 159 162 163 302 1138 1157 1158 1244 1245 1453 1634 1666 2125 2351 2352 2443 2444 2449 2702 2833 2900 2901 2911 3108 3109 3214 3215 3466 3467 3488 3549 3550 3610 3611 3702 3746 3747 3752 3753 3762 3771 3827 3883 3884 3906 3907 3927 3928 3931 4255 4511 4512 4916 4918 4928 4929 5090 5091 5188 5189 5207 5208 5209 5210 5694 5695 5698 5699 5743 5744 5782 5783 5863 5864 
6 1208 1209 1210 1212 1213 1214 
6 1208 1209 1210 1212 1213 1214 
1 8575 
16 39 316 840 1433 1914 2826 2882 3201 3282 3381 3608 3647 4099 4556 5598 6050 
18 59 956 3196 3607 3646 4555 5335 5357 6830 6937 6939 7035 7168 7170 7198 7273 7275 7472 
79 0 1 104 105 158 159 162 163 302 1138 1157 1158 1244 1245 1453 1634 1666 2125 2351 2352 2443 2444 2449 2702 2833 2900 2901 2911 3108 3109 3214 3215 3466 3467 3488 3549 3550 3610 3611 3702 3746 3747 3752 3753 3762 3771 3827 3883 3884 3906 3907 3927 3928 3931 4255 4511 4512 4916 4918 4928 4929 5090 5091 5188 5189 5207 5208 5209 5210 5694 5695 5698 5699 5743 5744 5782 5783 5863 5864 
79 0 1 104 105 158 159 162 163 302 1138 1157 1158 1244 1245 1453 1634 1666 2125 2351 2352 2443 2444 2449 2702 2833 2900 2901 2911 3108 3109 3214 3215 3466 3467 3488 3549 3550 3610 3611 3702 3746 3747 3752 3753 3762 3771 3827 3883 3884 3906 3907 3927 3928 3931 4255 4511 4512 4916 4918 4928 4929 5090 5091 5188 5189 5207 5208 5209 5210 5694 5695 5698 5699 5743 5744 5782 5783 5863 5864 
2 79 626 
2 79 627 
2 79 632 
2 273 286 
1 5508 
1 197 
1 6104 
2 5067 5068 
2 5067 5068 
2 3605 7378 
1 1769 
1 1256 
1 6464 
1 6505 
3 884 5092 5112 
1 5471 
1 8439 
1 4241 
1 6658 
1 7663 
1 4314 
2 3538 6832 
2 3539 6833 
1 6609 
1 5475 
1 4796 
1 1423 
1 7693 
1 5897 
1 6138 
2 8145 8249 
1 1518 
2 95 3768 
1 7627 
1 7061 
1 7508 
1 7631 
66 0 1 104 105 158 159 162 163 302 1138 1157 1158 1244 1245 1453 1634 1666 2125 2351 2352 2443 2444 2449 2702 2833 2900 2901 2911 3108 3109 3214 3215 3466 3467 3488 3549 3550 3610 3611 3702 3746 3747 3752 3753 3762 3771 3827 3883 3884 3906 3907 3927 3928 3931 4255 4511 4512 4916 4918 4928 4929 5090 5091 5188 5189 5207 
66 0 1 104 105 158 159 162 163 302 1138 1157 1158 1244 1245 1453 1634 1666 2125 2351 2352 2443 2444 2449 2702 2833 2900 2901 2911 3108 3109 3214 3215 3466 3467 3488 3549 3550 3610 3611 3702 3746 3747 3752 3753 3762 3771 3827 3883 3884 3906 3907 3927 3928 3931 4255 4511 4512 4916 4918 4928 4929 5090 5091 5188 5189 5207 
2 817 6627 
1 6305 
18 59 956 3196 3607 3646 4555 5335 5357 6830 6937 6939 7035 7168 7170 7198 7273 7275 7472 
1 7109 
3 7361 7362 8553 
1 1655 
2 3235 4946 
1 379 
79 0 1 104 105 158 159 162 163 302 1138 1157 1158 1244 1245 1453 1634 1666 2125 2351 2352 2443 2444 2449 2702 2833 2900 2901 2911 3108 3109 3214 3215 3466 3467 3488 3549 3550 3610 3611 3702 3746 3747 3752 3753 3762 3771 3827 3883 3884 3906 3907 3927 3928 3931 4255 4511 4512 4916 4918 4928 4929 5090 5091 5188 5189 5207 5208 5209 5210 5694 5695 5698 5699 5743 5744 5782 5783 5863 5864 
79 0 1 104 105 158 159 162 163 302 1138 1157 1158 1244 1245 1453 1634 1666 2125 2351 2352 2443 2444 2449 2702 2833 2900 2901 2911 3108 3109 3214 3215 3466 3467 3488 3549 3550 3610 3611 3702 3746 3747 3752 3753 3762 3771 3827 3883 3884 3906 3907 3927 3928 3931 4255 4511 4512 4916 4918 4928 4929 5090 5091 5188 5189 5207 5208 5209 5210 5694 5695 5698 5699 5743 5744 5782 5783 5863 5864 
1 1926 
2 7091 7092 
79 0 1 104 105 158 159 162 163 302 1138 1157 1158 1244 1245 1453 1634 1666 2125 2351 2352 2443 2444 2449 2702 2833 2900 2901 2911 3108 3109 3214 3215 3466 3467 3488 3549 3550 3610 3611 3702 3746 3747 3752 3753 3762 3771 3827 3883 3884 3906 3907 3927 3928 3931 4255 4511 4512 4916 4918 4928 4929 5090 5091 5188 5189 5207 5208 5209 5210 5694 5695 5698 5699 5743 5744 5782 5783 5863 5864 
79 0 1 104 105 158 159 162 163 302 1138 1157 1158 1244 1245 1453 1634 1666 2125 2351 2352 2443 2444 2449 2702 2833 2900 2901 2911 3108 3109 3214 3215 3466 3467 3488 3549 3550 3610 3611 3702 3746 3747 3752 3753 3762 3771 3827 3883 3884 3906 3907 3927 3928 3931 4255 4511 4512 4916 4918 4928 4929 5090 5091 5188 5189 5207 5208 5209 5210 5694 5695 5698 5699 5743 5744 5782 5783 5863 5864 
1 3568 
6 523 549 555 587 606 607 
1 1124 
1 1761 
3 31 93 199 
24 2961 3559 3642 4950 5127 5509 5512 5649 6400 6971 7611 7858 7881 7917 8053 8638 8826 8827 8829 8885 8886 8893 9044 9120 
7 2601 4055 5994 7507 7509 7510 8558 
2 952 3062 
1 8562 
79 0 1 104 105 158 159 162 163 302 1138 1157 1158 1244 1245 1453 1634 1666 2125 2351 2352 2443 2444 2449 2702 2833 2900 2901 2911 3108 3109 3214 3215 3466 3467 3488 3549 3550 3610 3611 3702 3746 3747 3752 3753 3762 3771 3827 3883 3884 3906 3907 3927 3928 3931 4255 4511 4512 4916 4918 4928 4929 5090 5091 5188 5189 5207 5208 5209 5210 5694 5695 5698 5699 5743 5744 5782 5783 5863 5864 
79 0 1 104 105 158 159 162 163 302 1138 1157 1158 1244 1245 1453 1634 1666 2125 2351 2352 2443 2444 2449 2702 2833 2900 2901 2911 3108 3109 3214 3215 3466 3467 3488 3549 3550 3610 3611 3702 3746 3747 3752 3753 3762 3771 3827 3883 3884 3906 3907 3927 3928 3931 4255 4511 4512 4916 4918 4928 4929 5090 5091 5188 5189 5207 5208 5209 5210 5694 5695 5698 5699 5743 5744 5782 5783 5863 5864 
1 917 
5 2601 4055 5994 7507 7509 
1 8819 
1 1444 
1 2447 
2 5857 6987 
24 2961 3559 3642 4950 5127 5509 5512 5649 6400 6971 7611 7858 7881 7917 8053 8638 8826 8827 8829 8885 8886 8893 9044 9120 
1 7604 
79 0 1 104 105 158 159 162 163 302 1138 1157 1158 1244 1245 1453 1634 1666 2125 2351 2352 2443 2444 2449 2702 2833 2900 2901 2911 3108 3109 3214 3215 3466 3467 3488 3549 3550 3610 3611 3702 3746 3747 3752 3753 3762 3771 3827 3883 3884 3906 3907 3927 3928 3931 4255 4511 4512 4916 4918 4928 4929 5090 5091 5188 5189 5207 5208 5209 5210 5694 5695 5698 5699 5743 5744 5782 5783 5863 5864 
79 0 1 104 105 158 159 162 163 302 1138 1157 1158 1244 1245 1453 1634 1666 2125 2351 2352 2443 2444 2449 2702 2833 2900 2901 2911 3108 3109 3214 3215 3466 3467 3488 3549 3550 3610 3611 3702 3746 3747 3752 3753 3762 3771 3827 3883 3884 3906 3907 3927 3928 3931 4255 4511 4512 4916 4918 4928 4929 5090 5091 5188 5189 5207 5208 5209 5210 5694 5695 5698 5699 5743 5744 5782 5783 5863 5864 
6 7674 7741 8612 8930 8931 8932 
2 5240 6396 
1 2258 
4 164 1113 1467 1468 
1 6042 
79 0 1 104 105 158 159 162 163 302 1138 1157 1158 1244 1245 1453 1634 1666 2125 2351 2352 2443 2444 2449 2702 2833 2900 2901 2911 3108 3109 3214 3215 3466 3467 3488 3549 3550 3610 3611 3702 3746 3747 3752 3753 3762 3771 3827 3883 3884 3906 3907 3927 3928 3931 4255 4511 4512 4916 4918 4928 4929 5090 5091 5188 5189 5207 5208 5209 5210 5694 5695 5698 5699 5743 5744 5782 5783 5863 5864 
79 0 1 104 105 158 159 162 163 302 1138 1157 1158 1244 1245 1453 1634 1666 2125 2351 2352 2443 2444 2449 2702 2833 2900 2901 2911 3108 3109 3214 3215 3466 3467 3488 3549 3550 3610 3611 3702 3746 3747 3752 3753 3762 3771 3827 3883 3884 3906 3907 3927 3928 3931 4255 4511 4512 4916 4918 4928 4929 5090 5091 5188 5189 5207 5208 5209 5210 5694 5695 5698 5699 5743 5744 5782 5783 5863 5864 
1 7513 
1 8804 
5 3172 5841 5843 5844 5845 
2 3200 4036 
1 8391 
3 4792 5159 6991 
3 4792 5159 6991 
1 796 
79 0 1 104 105 158 159 162 163 302 1138 1157 1158 1244 1245 1453 1634 1666 2125 2351 2352 2443 2444 2449 2702 2833 2900 2901 2911 3108 3109 3214 3215 3466 3467 3488 3549 3550 3610 3611 3702 3746 3747 3752 3753 3762 3771 3827 3883 3884 3906 3907 3927 3928 3931 4255 4511 4512 4916 4918 4928 4929 5090 5091 5188 5189 5207 5208 5209 5210 5694 5695 5698 5699 5743 5744 5782 5783 5863 5864 
79 0 1 104 105 158 159 162 163 302 1138 1157 1158 1244 1245 1453 1634 1666 2125 2351 2352 2443 2444 2449 2702 2833 2900 2901 2911 3108 3109 3214 3215 3466 3467 3488 3549 3550 3610 3611 3702 3746 3747 3752 3753 3762 3771 3827 3883 3884 3906 3907 3927 3928 3931 4255 4511 4512 4916 4918 4928 4929 5090 5091 5188 5189 5207 5208 5209 5210 5694 5695 5698 5699 5743 5744 5782 5783 5863 5864 
3 31 93 199 
1 5205 
24 2961 3559 3642 4950 5127 5509 5512 5649 6400 6971 7611 7858 7881 7917 8053 8638 8826 8827 8829 8885 8886 8893 9044 9120 
1 9050 
1 6858 
1 7937 
2 6097 6849 
2 1915 4358 
5 4493 5910 7243 7515 7732 
1 1045 
1 314 
1 6298 
1 6753 
1 2713 
3 6217 6688 8375 
1 1566 
1 6706 
79 0 1 104 105 158 159 162 163 302 1138 1157 1158 1244 1245 1453 1634 1666 2125 2351 2352 2443 2444 2449 2702 2833 2900 2901 2911 3108 3109 3214 3215 3466 3467 3488 3549 3550 3610 3611 3702 3746 3747 3752 3753 3762 3771 3827 3883 3884 3906 3907 3927 3928 3931 4255 4511 4512 4916 4918 4928 4929 5090 5091 5188 5189 5207 5208 5209 5210 5694 5695 5698 5699 5743 5744 5782 5783 5863 5864 
79 0 1 104 105 158 159 162 163 302 1138 1157 1158 1244 1245 1453 1634 1666 2125 2351 2352 2443 2444 2449 2702 2833 2900 2901 2911 3108 3109 3214 3215 3466 3467 3488 3549 3550 3610 3611 3702 3746 3747 3752 3753 3762 3771 3827 3883 3884 3906 3907 3927 3928 3931 4255 4511 4512 4916 4918 4928 4929 5090 5091 5188 5189 5207 5208 5209 5210 5694 5695 5698 5699 5743 5744 5782 5783 5863 5864 
1 6950 
1 2809 
11 382 417 419 421 426 441 445 460 468 485 486 
1 6615 
1 7108 
2 5915 5916 
8 1208 1209 1210 1212 1213 1214 7569 7580 
3 4792 5159 6991 
1 7660 
1 5045 
1 1417 
1 8841 
1 6477 
1 5079 
1 6730 
1 8351 
1 7503 
1 869 
1 8105 
1 5164 
1 6541 
3 1412 1419 2208 
1 5631 
5 6223 6591 6592 6593 7084 
5 6223 6591 6592 6593 7084 
