2200 2389 9141
1 20 
2 7217 7377 
5 4493 5910 7243 7515 7732 
1 9081 
1 1524 
2 3235 4946 
1 7262 
5 1203 5447 5453 5455 5467 
2 5397 5398 
79 0 1 104 105 158 159 162 163 302 1138 1157 1158 1244 1245 1453 1634 1666 2125 2351 2352 2443 2444 2449 2702 2833 2900 2901 2911 3108 3109 3214 3215 3466 3467 3488 3549 3550 3610 3611 3702 3746 3747 3752 3753 3762 3771 3827 3883 3884 3906 3907 3927 3928 3931 4255 4511 4512 4916 4918 4928 4929 5090 5091 5188 5189 5207 5208 5209 5210 5694 5695 5698 5699 5743 5744 5782 5783 5863 5864 
79 0 1 104 105 158 159 162 163 302 1138 1157 1158 1244 1245 1453 1634 1666 2125 2351 2352 2443 2444 2449 2702 2833 2900 2901 2911 3108 3109 3214 3215 3466 3467 3488 3549 3550 3610 3611 3702 3746 3747 3752 3753 3762 3771 3827 3883 3884 3906 3907 3927 3928 3931 4255 4511 4512 4916 4918 4928 4929 5090 5091 5188 5189 5207 5208 5209 5210 5694 5695 5698 5699 5743 5744 5782 5783 5863 5864 
1 8765 
1 6506 
79 0 1 104 105 158 159 162 163 302 1138 1157 1158 1244 1245 1453 1634 1666 2125 2351 2352 2443 2444 2449 2702 2833 2900 2901 2911 3108 3109 3214 3215 3466 3467 3488 3549 3550 3610 3611 3702 3746 3747 3752 3753 3762 3771 3827 3883 3884 3906 3907 3927 3928 3931 4255 4511 4512 4916 4918 4928 4929 5090 5091 5188 5189 5207 5208 5209 5210 5694 5695 5698 5699 5743 5744 5782 5783 5863 5864 
79 0 1 104 105 158 159 162 163 302 1138 1157 1158 1244 1245 1453 1634 1666 2125 2351 2352 2443 2444 2449 2702 2833 2900 2901 2911 3108 3109 3214 3215 3466 3467 3488 3549 3550 3610 3611 3702 3746 3747 3752 3753 3762 3771 3827 3883 3884 3906 3907 3927 3928 3931 4255 4511 4512 4916 4918 4928 4929 5090 5091 5188 5189 5207 5208 5209 5210 5694 5695 5698 5699 5743 5744 5782 5783 5863 5864 
1 3723 
3 6057 6736 7735 
1 80 
79 0 1 104 105 158 159 162 163 302 1138 1157 1158 1244 1245 1453 1634 1666 2125 2351 2352 2443 2444 2449 2702 2833 2900 2901 2911 3108 3109 3214 3215 3466 3467 3488 3549 3550 3610 3611 3702 3746 3747 3752 3753 3762 3771 3827 3883 3884 3906 3907 3927 3928 3931 4255 4511 4512 4916 4918 4928 4929 5090 5091 5188 5189 5207 5208 5209 5210 5694 5695 5698 5699 5743 5744 5782 5783 5863 5864 
79 0 1 104 105 158 159 162 163 302 1138 1157 1158 1244 1245 1453 1634 1666 2125 2351 2352 2443 2444 2449 2702 2833 2900 2901 2911 3108 3109 3214 3215 3466 3467 3488 3549 3550 3610 3611 3702 3746 3747 3752 3753 3762 3771 3827 3883 3884 3906 3907 3927 3928 3931 4255 4511 4512 4916 4918 4928 4929 5090 5091 5188 5189 5207 5208 5209 5210 5694 5695 5698 5699 5743 5744 5782 5783 5863 5864 
1 4404 
24 2961 3559 3642 4950 5127 5509 5512 5649 6400 6971 7611 7858 7881 7917 8053 8638 8826 8827 8829 8885 8886 8893 9044 9120 
24 2961 3559 3642 4950 5127 5509 5512 5649 6400 6971 7611 7858 7881 7917 8053 8638 8826 8827 8829 8885 8886 8893 9044 9120 
5 2601 4055 5994 7507 7509 
1 8299 
5 2601 4055 5994 7507 7509 
1 808 
1 3107 
24 2961 3559 3642 4950 5127 5509 5512 5649 6400 6971 7611 7858 7881 7917 8053 8638 8826 8827 8829 8885 8886 8893 9044 9120 
1 8773 
79 0 1 104 105 158 159 162 163 302 1138 1157 1158 1244 1245 1453 1634 1666 2125 2351 2352 2443 2444 2449 2702 2833 2900 2901 2911 3108 3109 3214 3215 3466 3467 3488 3549 3550 3610 3611 3702 3746 3747 3752 3753 3762 3771 3827 3883 3884 3906 3907 3927 3928 3931 4255 4511 4512 4916 4918 4928 4929 5090 5091 5188 5189 5207 5208 5209 5210 5694 5695 5698 5699 5743 5744 5782 5783 5863 5864 
79 0 1 104 105 158 159 162 163 302 1138 1157 1158 1244 1245 1453 1634 1666 2125 2351 2352 2443 2444 2449 2702 2833 2900 2901 2911 3108 3109 3214 3215 3466 3467 3488 3549 3550 3610 3611 3702 3746 3747 3752 3753 3762 3771 3827 3883 3884 3906 3907 3927 3928 3931 4255 4511 4512 4916 4918 4928 4929 5090 5091 5188 5189 5207 5208 5209 5210 5694 5695 5698 5699 5743 5744 5782 5783 5863 5864 
4 39 316 840 1433 
1 7804 
1 8032 
20 59 956 3196 3607 3646 4555 5335 5357 6830 6937 6939 7035 7168 7170 7198 7273 7275 7472 7637 7696 
1 8306 
2 79 679 
2 79 697 
2 2342 3572 
1 5404 
1 9009 
1 5380 
3 1768 5214 6014 
3 5714 5716 6783 
1 8420 
1 4400 
5 5910 7044 7243 7515 7732 
5 5910 7044 7243 7515 7732 
5 5910 7044 7243 7515 7732 
2 3168 6089 
1 1908 
1 4312 
79 0 1 104 105 158 159 162 163 302 1138 1157 1158 1244 1245 1453 1634 1666 2125 2351 2352 2443 2444 2449 2702 2833 2900 2901 2911 3108 3109 3214 3215 3466 3467 3488 3549 3550 3610 3611 3702 3746 3747 3752 3753 3762 3771 3827 3883 3884 3906 3907 3927 3928 3931 4255 4511 4512 4916 4918 4928 4929 5090 5091 5188 5189 5207 5208 5209 5210 5694 5695 5698 5699 5743 5744 5782 5783 5863 5864 
79 0 1 104 105 158 159 162 163 302 1138 1157 1158 1244 1245 1453 1634 1666 2125 2351 2352 2443 2444 2449 2702 2833 2900 2901 2911 3108 3109 3214 3215 3466 3467 3488 3549 3550 3610 3611 3702 3746 3747 3752 3753 3762 3771 3827 3883 3884 3906 3907 3927 3928 3931 4255 4511 4512 4916 4918 4928 4929 5090 5091 5188 5189 5207 5208 5209 5210 5694 5695 5698 5699 5743 5744 5782 5783 5863 5864 
1 8588 
1 5191 
1 9080 
1 1290 
2 6300 6301 
1 6393 
1 6660 
2 3129 3145 
1 425 
1 644 
5 334 378 379 644 1161 
2 3200 4036 
1 5163 
1 9040 
2 5397 5398 
3 884 5092 5112 
3 5163 5880 6869 
1 1596 
1 7731 
1 6398 
1 6399 
4 2273 3639 5988 7146 
1 5505 
3 1768 5214 6014 
6 2311 7414 7417 7419 7423 8039 
1 3474 
1 37 
1 8637 
1 7953 
4 2273 3639 5988 7146 
1 5472 
1 3662 
1 9035 
2 7909 7911 
1 4418 
1 5823 
18 59 956 3196 3607 3646 4555 5335 5357 6830 6937 6939 7035 7168 7170 7198 7273 7275 7472 
2 5915 5916 
2 1701 1713 
1 4712 
2 5167 5692 
1 8277 
2 5857 6987 
79 0 1 104 105 158 159 162 163 302 1138 1157 1158 1244 1245 1453 1634 1666 2125 2351 2352 2443 2444 2449 2702 2833 2900 2901 2911 3108 3109 3214 3215 3466 3467 3488 3549 3550 3610 3611 3702 3746 3747 3752 3753 3762 3771 3827 3883 3884 3906 3907 3927 3928 3931 4255 4511 4512 4916 4918 4928 4929 5090 5091 5188 5189 5207 5208 5209 5210 5694 5695 5698 5699 5743 5744 5782 5783 5863 5864 
79 0 1 104 105 158 159 162 163 302 1138 1157 1158 1244 1245 1453 1634 1666 2125 2351 2352 2443 2444 2449 2702 2833 2900 2901 2911 3108 3109 3214 3215 3466 3467 3488 3549 3550 3610 3611 3702 3746 3747 3752 3753 3762 3771 3827 3883 3884 3906 3907 3927 3928 3931 4255 4511 4512 4916 4918 4928 4929 5090 5091 5188 5189 5207 5208 5209 5210 5694 5695 5698 5699 5743 5744 5782 5783 5863 5864 
2 6941 6943 
20 59 956 3196 3607 3646 4555 5335 5357 6830 6937 6939 7035 7168 7170 7198 7273 7275 7472 7637 7696 
5 6223 6591 6592 6593 7084 
2 1500 1654 
1 4628 
66 0 1 104 105 158 159 162 163 302 1138 1157 1158 1244 1245 1453 1634 1666 2125 2351 2352 2443 2444 2449 2702 2833 2900 2901 2911 3108 3109 3214 3215 3466 3467 3488 3549 3550 3610 3611 3702 3746 3747 3752 3753 3762 3771 3827 3883 3884 3906 3907 3927 3928 3931 4255 4511 4512 4916 4918 4928 4929 5090 5091 5188 5189 5207 
79 0 1 104 105 158 159 162 163 302 1138 1157 1158 1244 1245 1453 1634 1666 2125 2351 2352 2443 2444 2449 2702 2833 2900 2901 2911 3108 3109 3214 3215 3466 3467 3488 3549 3550 3610 3611 3702 3746 3747 3752 3753 3762 3771 3827 3883 3884 3906 3907 3927 3928 3931 4255 4511 4512 4916 4918 4928 4929 5090 5091 5188 5189 5207 5208 5209 5210 5694 5695 5698 5699 5743 5744 5782 5783 5863 5864 
1 8553 
2 7582 7583 
1 368 
1 6472 
2 8145 8249 
1 6467 
2 6300 6301 
24 2961 3559 3642 4950 5127 5509 5512 5649 6400 6971 7611 7858 7881 7917 8053 8638 8826 8827 8829 8885 8886 8893 9044 9120 
24 2961 3559 3642 4950 5127 5509 5512 5649 6400 6971 7611 7858 7881 7917 8053 8638 8826 8827 8829 8885 8886 8893 9044 9120 
1 8728 
2 1076 3468 
1 6347 
1 3829 
2 1701 1713 
1 3523 
1 1542 
2 6345 6754 
5 4493 5910 7243 7515 7732 
1 7564 
1 2695 
1 5206 
1 5920 
2 4321 6219 
1 415 
1 6951 
79 0 1 104 105 158 159 162 163 302 1138 1157 1158 1244 1245 1453 1634 1666 2125 2351 2352 2443 2444 2449 2702 2833 2900 2901 2911 3108 3109 3214 3215 3466 3467 3488 3549 3550 3610 3611 3702 3746 3747 3752 3753 3762 3771 3827 3883 3884 3906 3907 3927 3928 3931 4255 4511 4512 4916 4918 4928 4929 5090 5091 5188 5189 5207 5208 5209 5210 5694 5695 5698 5699 5743 5744 5782 5783 5863 5864 
79 0 1 104 105 158 159 162 163 302 1138 1157 1158 1244 1245 1453 1634 1666 2125 2351 2352 2443 2444 2449 2702 2833 2900 2901 2911 3108 3109 3214 3215 3466 3467 3488 3549 3550 3610 3611 3702 3746 3747 3752 3753 3762 3771 3827 3883 3884 3906 3907 3927 3928 3931 4255 4511 4512 4916 4918 4928 4929 5090 5091 5188 5189 5207 5208 5209 5210 5694 5695 5698 5699 5743 5744 5782 5783 5863 5864 
1 91 
1 1789 
3 1768 5214 6014 
1 6126 
79 0 1 104 105 158 159 162 163 302 1138 1157 1158 1244 1245 1453 1634 1666 2125 2351 2352 2443 2444 2449 2702 2833 2900 2901 2911 3108 3109 3214 3215 3466 3467 3488 3549 3550 3610 3611 3702 3746 3747 3752 3753 3762 3771 3827 3883 3884 3906 3907 3927 3928 3931 4255 4511 4512 4916 4918 4928 4929 5090 5091 5188 5189 5207 5208 5209 5210 5694 5695 5698 5699 5743 5744 5782 5783 5863 5864 
79 0 1 104 105 158 159 162 163 302 1138 1157 1158 1244 1245 1453 1634 1666 2125 2351 2352 2443 2444 2449 2702 2833 2900 2901 2911 3108 3109 3214 3215 3466 3467 3488 3549 3550 3610 3611 3702 3746 3747 3752 3753 3762 3771 3827 3883 3884 3906 3907 3927 3928 3931 4255 4511 4512 4916 4918 4928 4929 5090 5091 5188 5189 5207 5208 5209 5210 5694 5695 5698 5699 5743 5744 5782 5783 5863 5864 
1 7821 
1 6604 
3 6512 6517 6527 
1 488 
79 0 1 104 105 158 159 162 163 302 1138 1157 1158 1244 1245 1453 1634 1666 2125 2351 2352 2443 2444 2449 2702 2833 2900 2901 2911 3108 3109 3214 3215 3466 3467 3488 3549 3550 3610 3611 3702 3746 3747 3752 3753 3762 3771 3827 3883 3884 3906 3907 3927 3928 3931 4255 4511 4512 4916 4918 4928 4929 5090 5091 5188 5189 5207 5208 5209 5210 5694 5695 5698 5699 5743 5744 5782 5783 5863 5864 
79 0 1 104 105 158 159 162 163 302 1138 1157 1158 1244 1245 1453 1634 1666 2125 2351 2352 2443 2444 2449 2702 2833 2900 2901 2911 3108 3109 3214 3215 3466 3467 3488 3549 3550 3610 3611 3702 3746 3747 3752 3753 3762 3771 3827 3883 3884 3906 3907 3927 3928 3931 4255 4511 4512 4916 4918 4928 4929 5090 5091 5188 5189 5207 5208 5209 5210 5694 5695 5698 5699 5743 5744 5782 5783 5863 5864 
1 2854 
1 7860 
1 7527 
1 115 
1 6364 
1 2312 
1 5204 
5 6223 6591 6592 6593 7084 
5 6223 6591 6592 6593 7084 
66 0 1 104 105 158 159 162 163 302 1138 1157 1158 1244 1245 1453 1634 1666 2125 2351 2352 2443 2444 2449 2702 2833 2900 2901 2911 3108 3109 3214 3215 3466 3467 3488 3549 3550 3610 3611 3702 3746 3747 3752 3753 3762 3771 3827 3883 3884 3906 3907 3927 3928 3931 4255 4511 4512 4916 4918 4928 4929 5090 5091 5188 5189 5207 
79 0 1 104 105 158 159 162 163 302 1138 1157 1158 1244 1245 1453 1634 1666 2125 2351 2352 2443 2444 2449 2702 2833 2900 2901 2911 3108 3109 3214 3215 3466 3467 3488 3549 3550 3610 3611 3702 3746 3747 3752 3753 3762 3771 3827 3883 3884 3906 3907 3927 3928 3931 4255 4511 4512 4916 4918 4928 4929 5090 5091 5188 5189 5207 5208 5209 5210 5694 5695 5698 5699 5743 5744 5782 5783 5863 5864 
79 0 1 104 105 158 159 162 163 302 1138 1157 1158 1244 1245 1453 1634 1666 2125 2351 2352 2443 2444 2449 2702 2833 2900 2901 2911 3108 3109 3214 3215 3466 3467 3488 3549 3550 3610 3611 3702 3746 3747 3752 3753 3762 3771 3827 3883 3884 3906 3907 3927 3928 3931 4255 4511 4512 4916 4918 4928 4929 5090 5091 5188 5189 5207 5208 5209 5210 5694 5695 5698 5699 5743 5744 5782 5783 5863 5864 
79 0 1 104 105 158 159 162 163 302 1138 1157 1158 1244 1245 1453 1634 1666 2125 2351 2352 2443 2444 2449 2702 2833 2900 2901 2911 3108 3109 3214 3215 3466 3467 3488 3549 3550 3610 3611 3702 3746 3747 3752 3753 3762 3771 3827 3883 3884 3906 3907 3927 3928 3931 4255 4511 4512 4916 4918 4928 4929 5090 5091 5188 5189 5207 5208 5209 5210 5694 5695 5698 5699 5743 5744 5782 5783 5863 5864 
5 2451 2668 4142 4160 4199 
79 0 1 104 105 158 159 162 163 302 1138 1157 1158 1244 1245 1453 1634 1666 2125 2351 2352 2443 2444 2449 2702 2833 2900 2901 2911 3108 3109 3214 3215 3466 3467 3488 3549 3550 3610 3611 3702 3746 3747 3752 3753 3762 3771 3827 3883 3884 3906 3907 3927 3928 3931 4255 4511 4512 4916 4918 4928 4929 5090 5091 5188 5189 5207 5208 5209 5210 5694 5695 5698 5699 5743 5744 5782 5783 5863 5864 
79 0 1 104 105 158 159 162 163 302 1138 1157 1158 1244 1245 1453 1634 1666 2125 2351 2352 2443 2444 2449 2702 2833 2900 2901 2911 3108 3109 3214 3215 3466 3467 3488 3549 3550 3610 3611 3702 3746 3747 3752 3753 3762 3771 3827 3883 3884 3906 3907 3927 3928 3931 4255 4511 4512 4916 4918 4928 4929 5090 5091 5188 5189 5207 5208 5209 5210 5694 5695 5698 5699 5743 5744 5782 5783 5863 5864 
2 952 3062 
1 7715 
1 7110 
1 7756 
1 3866 
1 7031 
3 5714 5716 6783 
3 6057 6736 7735 
1 160 
1 799 
2 5013 6610 
1 8913 
5 1285 6598 6603 8277 8810 
2 5714 5716 
79 0 1 104 105 158 159 162 163 302 1138 1157 1158 1244 1245 1453 1634 1666 2125 2351 2352 2443 2444 2449 2702 2833 2900 2901 2911 3108 3109 3214 3215 3466 3467 3488 3549 3550 3610 3611 3702 3746 3747 3752 3753 3762 3771 3827 3883 3884 3906 3907 3927 3928 3931 4255 4511 4512 4916 4918 4928 4929 5090 5091 5188 5189 5207 5208 5209 5210 5694 5695 5698 5699 5743 5744 5782 5783 5863 5864 
79 0 1 104 105 158 159 162 163 302 1138 1157 1158 1244 1245 1453 1634 1666 2125 2351 2352 2443 2444 2449 2702 2833 2900 2901 2911 3108 3109 3214 3215 3466 3467 3488 3549 3550 3610 3611 3702 3746 3747 3752 3753 3762 3771 3827 3883 3884 3906 3907 3927 3928 3931 4255 4511 4512 4916 4918 4928 4929 5090 5091 5188 5189 5207 5208 5209 5210 5694 5695 5698 5699 5743 5744 5782 5783 5863 5864 
1 8144 
1 369 
1 7788 
1 8029 
1 2887 
5 1285 6598 6603 8277 8810 
3 4530 7614 8130 
1 2347 
24 2961 3559 3642 4950 5127 5509 5512 5649 6400 6971 7611 7858 7881 7917 8053 8638 8826 8827 8829 8885 8886 8893 9044 9120 
79 0 1 104 105 158 159 162 163 302 1138 1157 1158 1244 1245 1453 1634 1666 2125 2351 2352 2443 2444 2449 2702 2833 2900 2901 2911 3108 3109 3214 3215 3466 3467 3488 3549 3550 3610 3611 3702 3746 3747 3752 3753 3762 3771 3827 3883 3884 3906 3907 3927 3928 3931 4255 4511 4512 4916 4918 4928 4929 5090 5091 5188 5189 5207 5208 5209 5210 5694 5695 5698 5699 5743 5744 5782 5783 5863 5864 
79 0 1 104 105 158 159 162 163 302 1138 1157 1158 1244 1245 1453 1634 1666 2125 2351 2352 2443 2444 2449 2702 2833 2900 2901 2911 3108 3109 3214 3215 3466 3467 3488 3549 3550 3610 3611 3702 3746 3747 3752 3753 3762 3771 3827 3883 3884 3906 3907 3927 3928 3931 4255 4511 4512 4916 4918 4928 4929 5090 5091 5188 5189 5207 5208 5209 5210 5694 5695 5698 5699 5743 5744 5782 5783 5863 5864 
1 824 
