1400 1599 9141
5 5188 5189 5207 5208 7493 
5 5188 5189 5207 5208 7494 
1 7856 
1 4560 
1 3682 
1 7545 
1 2020 
1 5818 
1 1399 
1 832 
5 2968 3878 4369 6401 6802 
4 5727 5728 8864 8865 
2 5939 5940 
1 345 
1 4585 
1 5904 
1 4771 
1 235 
1 1526 
1 9015 
1 4935 
1 6837 
1 16 
1 4768 
6 2311 7414 7417 7419 7423 8039 
2 5713 7780 
1 23 
1 2647 
1 757 
1 2036 
1 978 
1 7395 
1 553 
1 3410 
1 7960 
1 7447 
1 2216 
1 230 
1 2220 
1 116 
1 96 
1 7615 
1 4531 
1 602 
1 7879 
1 8317 
1 4873 
1 6810 
1 2892 
6 1208 1209 1210 1212 1213 1214 
1 5681 
1 528 
9 79 146 299 625 626 627 632 679 697 
1 1441 
1 4799 
1 7698 
1 1187 
1 4977 
1 391 
1 4793 
1 4120 
1 5 
1 657 
1 411 
1 9140 
3 2275 2276 2278 
1 2028 
1 5737 
1 351 
1 4705 
2 5060 5468 
1 2445 
1 7376 
1 7188 
1 8268 
1 7602 
1 1714 
1 238 
1 5425 
5 5188 5189 5207 5208 7561 
5 5188 5189 5207 5208 7562 
1 1052 
1 1408 
1 4 
1 3404 
1 338 
1 6166 
1 5808 
1 7053 
1 4140 
1 5290 
1 8345 
1 4815 
1 5306 
1 4875 
1 194 
4 413 1491 3660 7504 
1 8414 
1 1726 
1 5051 
1 151 
4 1478 1479 1480 1914 
4 1478 1479 1480 1914 
1 781 
6 3382 3963 4371 5064 5885 7225 
1 8908 
1 7122 
1 8459 
1 4238 
2 382 417 
1 6583 
1 2097 
3 9076 9078 9079 
1 8043 
23 2968 3557 3878 4037 4077 4369 5277 5336 6401 6802 6803 6868 6912 7265 7485 7896 8033 8352 8552 8620 8701 8702 9026 
1 5422 
4 413 1491 3660 7504 
4 413 1491 3660 7671 
1 2425 
4 6733 6734 7283 7284 
1 759 
1 835 
1 9000 
1 8296 
6 3608 3647 4556 6938 7169 7274 
1 3283 
1 1107 
1 2293 
1 6309 
3 9076 9078 9079 
1 4637 
1 3784 
1 5527 
1 9053 
10 3557 3612 4037 4296 5277 5301 5336 6033 6401 6689 
10 3557 3612 4037 4296 5277 5301 5336 6033 6401 6689 
1 6215 
1 4112 
1 271 
1 8437 
1 19 
1 3046 
6 3608 3647 4556 6938 7169 7274 
1 8297 
23 2968 3557 3878 4037 4077 4369 5277 5336 6401 6802 6803 6868 6912 7265 7485 7896 8033 8352 8552 8620 8701 8702 9026 
5 5188 5189 5207 5208 7672 
5 5188 5189 5207 5208 7673 
1 5669 
1 60 
3 1478 1479 1480 
1 3801 
1 1261 
1 5890 
1 1857 
3 2275 2276 2278 
1 895 
1 3443 
1 2031 
1 2817 
1 2298 
1 1432 
1 573 
1 8443 
5 3608 3647 4556 6938 7169 
1 4716 
26 3557 3612 4037 4296 5277 5301 5336 6033 6401 6689 6802 6803 7265 7485 7929 7930 8033 8192 8230 8352 8448 8449 8586 8701 8702 9026 
1 7047 
1 8684 
8 3878 4369 6802 6803 6868 7896 8701 8702 
1 2509 
1 18 
1 2088 
1 2557 
1 7473 
1 2413 
1 274 
1 9022 
1 1456 
1 21 
1 4944 
5 5188 5189 5207 5208 7682 
5 5188 5189 5207 5208 7683 
1 3618 
1 3619 
1 7782 
1 7783 
1 8398 
2 1915 4358 
1 7890 
1 7891 
1 7920 
1 7921 
1 7999 
1 8000 
1 8831 
1 8059 
1 8060 
1 8091 
1 8092 
2 2092 2093 
