400 599 9141
1 4536 
1 49 
1 6732 
1 990 
1 406 
1 641 
1 727 
1 9085 
1 9068 
1 4694 
1 3359 
1 596 
1 7517 
1 8854 
1 9122 
1 4315 
5 576 5399 5400 5401 7134 
1 2476 
1 745 
1 1903 
1 1192 
1 3152 
1 5686 
1 1164 
1 8090 
1 2645 
1 7577 
1 3554 
1 384 
1 3452 
1 2987 
1 5418 
1 281 
1 5796 
1 592 
1 5111 
1 352 
1 613 
2 516 5339 
1 8393 
1 9046 
1 9038 
3 949 950 8123 
1 947 
1 2264 
2 7096 7100 
2 2370 3750 
1 7530 
1 1178 
1 804 
1 1684 
1 1561 
1 225 
1 3412 
1 3049 
1 3683 
1 8568 
1 7279 
2 2994 2995 
1 7612 
1 5085 
1 33 
1 47 
1 3885 
2 5313 5314 
1 5250 
1 1568 
1 4467 
1 8788 
8 1208 1209 1210 1212 1213 1214 7569 7580 
1 2708 
1 9133 
1 985 
1 3165 
1 8992 
1 8905 
1 6708 
2 6733 6734 
1 8002 
1 5058 
1 1552 
1 7098 
1 8358 
1 5656 
1 556 
2 6401 9026 
2 6401 9026 
1 1054 
1 1147 
1 809 
1 1597 
1 3230 
1 5719 
3 3699 5542 8263 
1 2565 
2 45 65 
2 8622 8624 
1 2193 
1 588 
2 120 122 
1 1531 
1 1688 
1 802 
2 6851 6852 
2 2994 2995 
4 7706 7707 7708 7709 
1 7102 
1 2750 
2 6401 8701 
1 661 
1 4691 
3 1437 4453 7400 
1 2897 
4 5313 5314 6359 6362 
4 3604 5353 6533 8169 
1 7500 
1 154 
1 9021 
1 310 
1 8682 
1 270 
1 1906 
1 2392 
4 3604 5353 6533 8169 
1 8764 
1 8680 
1 888 
2 2803 2804 
1 974 
1 1207 
1 7278 
2 6401 8586 
2 6401 8449 
1 350 
1 2856 
1 669 
1 2083 
2 3788 3795 
1 531 
1 7900 
1 4899 
1 1175 
1 764 
2 6057 7735 
1 6481 
1 4710 
1 1667 
2 6905 8496 
1 9039 
1 793 
1 1514 
1 8861 
1 8851 
1 8348 
7 3738 3739 5243 5244 5245 5248 5249 
1 4765 
2 3788 3795 
1 255 
1 739 
1 6111 
1 191 
1 119 
1 2537 
1 3368 
1 3794 
3 1774 7475 7556 
1 1051 
1 3247 
1 4048 
3 1437 4453 7400 
1 1812 
1 5184 
1 3974 
1 34 
1 367 
1 26 
1 723 
1 5922 
1 1656 
1 8308 
2 6401 8448 
2 2492 6590 
3 812 3195 5794 
1 1232 
1 4893 
1 1676 
1 2875 
1 2873 
1 501 
1 1154 
1 9049 
1 2253 
1 1323 
1 5623 
1 1258 
1 240 
1 217 
1 298 
1 308 
1 3460 
