1503
5310
5014
4271
865
2366
3792
3791
584
101
2029
3690
511
2184
3379
1515
4836
4086
3515
131
4698
601
333
331
1608
490
3431
5392
2018
6809
5516
5767
4439
593
3636
1277
618
4433
792
1508
8530
6580
914
752
5798
2363
326
3632
3633
610
2486
2816
6318
8146
2086
6326
2082
732
8531
327
328
1756
3210
342
666
2279
5923
4449
7418
332
2775
4761
3532
6586
2861
202
4790
722
-1
2473
988
1044
4689
2977
1556
3425
514
330
145
5924
2482
2022
5095
5800
5834
3696
3415
1683
654
595
1551
4582
1505
4688
3786
-1
7705
975
4682
2154
-1
-1
4718
3790
504
-1
977
3635
7553
4887
6361
604
7095
1682
4490
8571
8572
4320
4447
1333
1612
-1
1507
8665
2929
1692
3564
4984
8529
5793
-1
5946
181
228
3796
2214
4624
329
2016
-1
8528
8664
-1
-1
128
266
1487
4454
7338
296
52
6062
135
-1
4436
8550
3253
2006
5817
3971
6982
3634
3793
4686
-1
-1
4769
1442
8656
8323
4431
7855
7662
6811
6928
2825
6984
3516
9002
6995
-1
-1
-1
663
6320
1269
4881
2301
-1
11
542
2996
2376
2505
8194
3193
6582
-1
-1
4278
3797
2388
4141
-1
2559
-1
6619
5725
7702
2081
2885
537
325
-1
257
-1
3360
3323
7902
2539
518
-1
-1
-1
5361
2646
1680
4480
7132
574
4558
4167
6321
4309
907
1047
1315
-1
-1
-1
9048
4882
-1
141
-1
653
-1
590
-1
3400
787
1998
55
8510
2513
1446
-1
559
7551
-1
-1
54
7857
-1
1502
965
-1
6110
1773
-1
-1
2221
-1
-1
3599
1553
167
794
507
2087
3518
4702
7138
4462
2423
8985
2978
5764
5962
9093
2562
8309
-1
5795
4279
3742
-1
6391
9060
4247
735
4270
1229
404
214
-1
-1
-1
2514
3028
4584
5613
4265
209
239
-1
8986
3459
2717
244
-1
7961
1029
6983
5197
5802
-1
3266
5723
9097
8987
8769
5797
4880
2181
-1
-1
-1
279
2187
6011
4817
422
668
3519
3757
2656
-1
-1
5260
-1
5936
-1
4227
-1
-1
919
4477
2182
7790
833
8988
8364
5114
1062
-1
4695
5221
8359
-1
-1
1801
5763
4437
48
509
-1
2810
3758
591
-1
-1
-1
4700
285
9092
9091
4699
-1
-1
4536
49
6732
990
406
641
727
9085
9068
4694
3359
596
7517
8854
9122
4315
-1
2476
745
1903
1192
3152
5686
1164
8090
2645
7577
3554
384
3452
2987
5418
281
5796
592
5111
352
613
-1
8393
9046
9038
-1
947
2264
-1
-1
7530
1178
804
1684
1561
225
3412
3049
3683
8568
7279
-1
7612
5085
33
47
3885
-1
5250
1568
4467
8788
-1
2708
-1
985
3165
8992
8905
6708
-1
8002
5058
1552
7098
8358
5656
556
-1
-1
1054
1147
809
1597
3230
5719
-1
2565
-1
-1
2193
588
-1
1531
1688
802
-1
-1
-1
7102
2750
-1
661
4691
-1
2897
-1
-1
7500
154
9021
310
8682
270
1906
2392
-1
8764
8680
888
2803
974
1207
7278
-1
-1
350
2856
669
2083
-1
531
7900
4899
1175
764
-1
6481
4710
1667
-1
9039
793
1514
8861
8851
8348
-1
4765
-1
255
739
6111
191
119
2537
3368
3794
-1
1051
3247
4048
-1
1812
5184
3974
34
367
26
723
5922
1656
8308
-1
-1
-1
1232
4893
1676
2875
2873
501
1154
9049
2253
1323
5623
1258
240
217
298
308
3460
3166
915
-1
6012
8298
852
15
1672
319
5524
2322
849
4696
8438
2544
7589
-1
-1
3290
1747
8651
8650
-1
-1
-1
-1
898
8179
-1
-1
92
8633
8486
1008
788
3203
-1
3737
261
8217
8165
4576
1318
8307
-1
6197
3363
3076
36
2564
-1
1174
6068
125
5219
8729
8499
1674
1429
8321
9061
2880
127
3045
-1
2191
1851
242
7638
6094
1265
7293
7411
-1
-1
-1
660
236
8010
3915
3493
-1
-1
6109
1521
248
6930
-1
5235
598
25
1179
360
6054
2
172
-1
1905
5354
2057
-1
5043
250
1303
-1
4186
1185
-1
5190
-1
461
612
-1
8456
8427
3789
8320
875
-1
2395
4527
763
97
1519
-1
5881
9106
5069
7514
770
7650
8143
8584
8388
8387
6353
2938
6468
552
223
2844
1862
4269
-1
-1
-1
-1
-1
5246
253
297
8142
8141
3397
111
4483
2155
5803
3268
7542
-1
-1
437
6531
720
761
1233
730
2672
438
1772
2884
3250
-1
-1
117
-1
1116
7619
4329
-1
5835
1771
8051
8037
5247
-1
2435
550
1781
-1
8501
3629
227
611
8378
8372
1426
-1
43
168
-1
5736
696
2056
8966
958
315
8011
-1
2203
582
153
372
5914
-1
6424
8274
8273
-1
2841
3416
1673
8835
8836
-1
57
2924
1919
2325
7993
8500
312
2185
7101
4986
-1
8852
6224
2475
72
77
-1
-1
7745
-1
1145
8371
8362
-1
8567
-1
935
634
4245
8129
8116
-1
142
245
8241
2076
4774
2478
736
600
1298
-1
7090
241
-1
1894
3411
-1
6108
3413
1618
2023
-1
252
8910
569
4277
7743
8269
3001
-1
-1
5959
831
8621
1014
583
1539
8870
-1
10
7831
1833
17
1766
1770
3295
6027
1663
7736
-1
4063
2658
1026
8191
4319
1166
7927
7880
1681
-1
-1
-1
5038
2813
2561
389
2236
4985
8190
4569
5063
-1
3566
-1
-1
2348
4605
1156
22
30
1664
282
4432
277
4789
67
1558
7767
-1
769
-1
9067
335
362
-1
-1
9131
-1
1609
-1
-1
3037
2553
2673
-1
8267
5170
2947
-1
3454
341
-1
5517
2418
1643
7224
-1
4138
1560
3458
5341
-1
1176
3692
477
1143
-1
5017
3422
354
8618
519
5654
1240
5144
1583
-1
-1
-1
8768
6898
237
744
4701
1912
6584
6614
6761
7518
5529
112
2472
394
3014
7625
1304
3388
2065
9020
173
8850
8849
8813
8101
-1
2302
224
7277
2195
-1
-1
-1
-1
3783
-1
4139
800
307
2394
1767
5501
4552
-1
-1
4583
-1
-1
9063
4622
972
9
1902
7135
-1
-1
201
-1
177
-1
-1
5083
5374
1234
4250
2316
482
3498
218
-1
478
4722
171
5837
7329
-1
807
7267
5379
4307
267
2659
8573
4434
-1
8295
243
-1
-1
7360
301
5182
-1
3055
2102
5812
-1
548
1921
5308
4237
1885
-1
215
1182
9101
124
5627
-1
-1
3077
1431
4520
933
5735
6929
2161
-1
8655
8280
8305
714
3833
-1
8
6067
6064
6063
4169
-1
-1
1204
-1
6948
388
5315
-1
392
964
1284
7236
5689
8251
4469
959
923
1129
-1
-1
213
4889
-1
-1
1217
9065
2034
2404
2916
68
4764
9062
662
6222
9077
-1
-1
-1
390
143
144
3056
8113
-1
-1
2661
6578
2439
8493
403
207
-1
-1
-1
-1
-1
436
3190
-1
8334
-1
-1
-1
5151
-1
-1
2210
5116
9100
-1
1557
8001
-1
3192
-1
-1
66
126
4941
8790
8866
-1
-1
-1
560
-1
-1
762
963
6636
-1
-1
2485
973
7327
5461
2251
-1
249
8150
8607
-1
-1
4435
5304
7581
-1
-1
5049
-1
-1
3040
1172
7078
-1
716
8078
5105
5143
-1
2471
220
5518
665
8276
8275
-1
206
-1
-1
4528
8818
-1
-1
-1
1720
-1
454
-1
272
3269
5688
-1
1779
7062
-1
-1
6695
-1
-1
517
-1
659
-1
7578
-1
-1
9014
-1
4715
-1
-1
4273
5226
3949
1352
8279
8258
8517
2368
-1
-1
-1
-1
2310
6113
-1
-1
2415
1535
1013
5755
4059
74
8569
7817
-1
-1
-1
-1
7011
-1
-1
6845
1450
8853
-1
182
3886
175
1578
5486
760
-1
-1
408
-1
114
5849
2174
106
12
7113
-1
2468
-1
8415
6316
-1
9132
1457
-1
640
6117
-1
-1
280
3939
8207
-1
-1
462
2878
353
4687
743
3231
3486
4545
4284
5726
4907
7994
534
2940
-1
-1
9127
8561
6650
87
-1
-1
-1
-1
4234
8654
246
7832
-1
-1
-1
7995
9114
6668
7570
-1
46
3197
8862
1250
5074
-1
8871
6329
-1
-1
7856
4560
3682
7545
2020
5818
1399
832
-1
-1
-1
345
4585
5904
4771
235
1526
9015
4935
6837
16
4768
-1
-1
23
2647
757
2036
978
7395
553
3410
7960
7447
2216
230
2220
116
96
7615
4531
602
7879
8317
4873
6810
2892
-1
5681
528
-1
1441
4799
7698
1187
4977
391
4793
4120
5
657
411
9140
-1
2028
5737
351
4705
-1
2445
7376
7188
8268
7602
1714
238
5425
-1
-1
1052
1408
4
3404
338
6166
5808
7053
4140
5290
8345
4815
5306
4875
194
-1
8414
1726
5051
151
-1
-1
781
-1
8908
7122
8459
4238
-1
6583
2097
-1
8043
-1
5422
-1
-1
2425
-1
759
835
9000
8296
-1
3283
1107
2293
6309
-1
4637
3784
5527
9053
-1
-1
6215
4112
271
8437
19
3046
-1
8297
-1
-1
-1
5669
60
-1
3801
1261
5890
1857
-1
895
3443
2031
2817
2298
1432
573
8443
-1
4716
-1
7047
8684
-1
2509
18
2088
2557
7473
2413
274
9022
1456
21
4944
-1
-1
3618
3619
7782
7783
8398
-1
7890
7891
7920
7921
7999
8000
8831
8059
8060
8091
8092
-1
-1
88
2038
4740
754
2284
5836
8363
5514
3691
4054
4233
7550
8775
1611
8016
435
5833
3542
-1
5439
283
2108
109
8093
8094
1391
-1
-1
6418
-1
8117
8118
1834
5683
8135
8136
4524
6066
-1
3329
3047
5701
4758
8349
3763
4767
8859
771
3512
-1
1339
5410
-1
8383
-1
9109
7012
8281
1202
9054
8245
4574
5080
4136
8147
8148
-1
6940
8156
8157
1155
3303
-1
8855
3945
8287
2655
5622
3314
-1
8176
8177
8131
7148
-1
-1
8303
8304
5437
-1
8976
1506
2116
4877
-1
1520
1461
76
5345
5784
305
1517
4322
5491
231
1959
2277
5850
-1
9115
8360
8361
324
-1
1721
-1
8488
474
4276
410
-1
8368
8369
8421
8422
2512
8316
-1
179
9116
8525
8526
8539
8540
7700
5892
1443
6942
8565
8566
7990
8811
8812
-1
6463
8319
8805
6549
6544
2219
359
9121
-1
102
161
5896
8512
8511
9123
-1
5919
6831
5773
3480
-1
2928
123
7
6105
-1
4239
6423
3779
-1
3059
-1
4620
6389
3257
1762
2179
900
-1
3
7381
8820
8821
734
6021
643
8808
7601
-1
8458
-1
8534
1445
-1
-1
-1
6
3095
4209
7827
816
-1
5056
8073
132
7546
-1
3238
5076
6216
8005
8974
7160
8925
-1
8844
8845
6729
8983
1422
8140
5867
-1
8444
5893
8762
-1
7710
8203
5084
7785
4979
1357
-1
5883
2111
1416
6310
2365
946
8846
8847
-1
-1
8971
8972
-1
8980
8981
-1
-1
5905
6203
-1
9010
9011
-1
6333
-1
-1
5349
8154
-1
3574
8570
-1
44
-1
9027
9028
1110
955
3767
-1
9030
9031
2575
3674
4821
428
-1
221
-1
3163
1440
-1
5848
-1
2160
5171
6160
6161
9036
9037
9112
9113
41
5041
-1
5770
9129
9130
3905
1101
-1
3614
-1
8339
9138
9139
1128
6470
-1
753
-1
-1
-1
3164
-1
5993
3879
6946
8872
4529
1501
5521
-1
1447
780
-1
-1
-1
8373
-1
-1
-1
6090
7586
-1
1152
7204
405
954
9119
3174
418
-1
-1
4553
-1
-1
152
7082
2299
6817
-1
-1
7276
7852
-1
-1
-1
1108
6752
8789
188
8714
5903
323
-1
-1
2870
3578
8498
7610
-1
6897
-1
-1
7974
-1
4044
6686
8247
8114
1042
-1
8952
-1
5279
-1
8401
6792
1385
1387
8054
3229
916
-1
-1
-1
-1
-1
-1
-1
9126
6725
1476
-1
5504
-1
7557
-1
8506
893
-1
387
-1
8611
8837
6039
7481
3212
4782
726
2364
278
-1
6966
2362
8998
-1
9094
5942
6760
1525
-1
-1
2705
-1
5075
-1
-1
3378
-1
7666
7912
-1
-1
-1
-1
-1
-1
-1
-1
8575
-1
-1
-1
-1
-1
-1
-1
273
5508
197
6104
-1
-1
-1
1769
1256
6464
6505
-1
5471
8439
4241
6658
7663
4314
-1
-1
6609
5475
4796
1423
7693
5897
6138
-1
1518
-1
7627
7061
7508
7631
-1
-1
-1
6305
-1
7109
-1
1655
-1
-1
-1
-1
1926
7091
-1
-1
3568
-1
1124
1761
-1
-1
-1
-1
8562
-1
-1
917
-1
8819
1444
2447
-1
-1
7604
-1
-1
7674
-1
2258
-1
6042
-1
-1
7513
8804
3172
-1
8391
-1
-1
796
-1
-1
-1
5205
-1
9050
6858
7937
6097
-1
-1
1045
314
6298
6753
2713
-1
1566
6706
-1
-1
6950
2809
-1
6615
7108
-1
-1
-1
7660
5045
1417
8841
6477
5079
6730
8351
7503
869
8105
5164
6541
-1
5631
-1
-1
20
-1
-1
9081
1524
-1
7262
-1
-1
-1
-1
8765
6506
-1
-1
3723
-1
80
-1
-1
4404
-1
-1
-1
8299
-1
808
3107
-1
8773
-1
-1
-1
7804
8032
-1
8306
-1
-1
-1
5404
9009
5380
-1
-1
8420
4400
-1
-1
-1
-1
1908
4312
-1
-1
8588
-1
9080
1290
-1
6393
6660
-1
425
-1
-1
-1
-1
9040
-1
-1
-1
1596
7731
6398
6399
-1
5505
-1
-1
3474
37
8637
7953
-1
5472
3662
9035
7909
4418
5823
-1
-1
-1
4712
5167
-1
-1
-1
-1
-1
-1
-1
-1
4628
-1
-1
-1
-1
368
6472
-1
6467
-1
-1
-1
8728
-1
6347
3829
-1
3523
1542
-1
-1
7564
2695
5206
5920
-1
415
6951
-1
-1
91
1789
-1
6126
-1
-1
7821
6604
-1
488
-1
-1
2854
7860
7527
115
6364
2312
5204
-1
-1
-1
-1
-1
-1
-1
-1
-1
-1
7715
7110
7756
3866
7031
-1
-1
160
799
-1
8913
-1
-1
-1
-1
8144
369
7788
8029
2887
-1
-1
2347
-1
-1
-1
824

